2 2 3 4 6 7 8 10 11 12 13 15 16 18 19 23 25 26 27 29 30
3 1 2 3 4 6 7 8 11 12 15 16 18 19 20 22 23 24 26 27 30
4 2 3 4 5 6 7 8 10 11 12 15 16 18 19 20 22 23 26 29 30
7 3 4 7 8 10 11 12 14 15 16 17 18 19 22 23 24 26 27 28 30
8 1 2 4 7 8 9 11 12 14 15 16 19 20 21 23 25 26 27 29 30
9 3 4 5 7 8 9 11 12 13 14 15 16 18 19 23 24 25 26 28 30
10 3 4 5 6 7 8 11 12 13 14 15 16 18 19 22 23 26 27 28 30
11 2 3 4 7 8 9 11 12 15 16 17 18 19 21 22 23 24 26 27 30
12 2 3 4 5 7 8 9 11 12 14 15 16 18 19 20 22 23 26 27 30
13 3 4 6 8 9 10 11 14 15 16 17 18 19 20 23 24 25 26 28 30
15 1 2 3 4 7 8 11 12 14 15 16 17 18 19 22 23 26 27 29 30
16 1 3 4 7 8 11 12 13 15 16 17 18 19 22 23 24 26 27 28 30
17 2 3 4 6 7 8 11 12 15 16 17 18 19 20 21 22 23 26 27 30
18 2 3 4 5 7 8 11 12 13 15 16 17 18 19 22 23 24 26 27 30
19 3 4 5 6 7 8 9 10 11 13 14 15 16 18 19 23 24 26 28 30
21 1 3 4 6 7 8 11 12 15 16 17 18 19 20 23 25 26 27 28 30
22 3 4 7 8 9 11 12 15 16 18 19 20 21 22 23 24 26 27 28 30
23 2 3 4 6 7 8 9 10 11 14 15 16 19 21 23 24 25 26 27 28
26 2 3 4 5 8 10 11 13 15 16 18 19 20 21 22 23 24 26 28 30
27 2 3 4 5 6 7 8 11 12 15 16 17 18 19 22 23 26 27 29 30
28 2 3 4 6 7 8 11 12 15 16 18 19 21 22 23 26 27 28 29 30
29 3 4 7 8 10 11 12 13 15 16 18 19 20 21 22 23 26 27 29 30
30 2 3 4 6 7 8 11 12 15 16 17 18 19 20 22 23 24 25 26 30
31 1 2 3 4 5 7 8 11 12 15 16 17 18 19 22 23 24 26 27 30
32 3 4 5 7 8 11 12 15 16 17 18 19 20 21 23 25 26 27 28 30
34 2 3 4 6 7 8 11 12 14 15 16 17 18 19 22 23 26 27 29 30
35 1 2 4 5 8 10 11 12 13 15 16 17 18 19 22 23 25 26 27 30
36 2 3 4 7 8 10 11 12 15 16 17 18 19 20 21 23 24 26 27 30
37 1 3 4 5 7 8 11 12 13 15 16 18 19 20 23 24 26 27 28 30
38 1 3 4 5 7 8 9 10 11 12 13 15 16 18 19 23 26 27 28 30
39 3 4 7 8 10 11 12 15 16 17 18 19 20 22 23 25 26 27 29 30
40 1 3 4 5 7 8 10 11 12 15 16 17 18 19 20 22 23 26 27 30
41 2 3 4 6 7 8 11 12 13 14 15 16 17 18 19 23 26 27 28 30
43 2 4 5 6 8 11 12 13 14 15 16 18 19 21 23 24 25 26 27 30
44 3 4 5 7 8 10 11 12 14 15 16 17 18 19 23 24 26 27 29 30
45 3 4 7 8 9 11 12 13 14 15 16 17 18 19 23 24 25 26 27 30
46 1 3 4 7 8 10 11 12 13 15 16 17 18 19 20 22 23 26 27 30
47 2 3 4 6 7 8 10 11 12 15 16 17 18 19 22 23 26 27 28 30
48 1 3 4 7 8 11 12 13 14 15 16 17 18 19 21 22 23 26 27 30
49 1 3 4 5 6 7 8 11 12 13 15 16 18 19 20 23 24 26 28 30
50 3 4 5 7 8 9 10 11 12 15 16 18 19 20 21 23 26 27 28 30
51 1 2 3 4 7 8 11 12 14 15 16 17 18 19 20 22 23 26 27 30
53 1 2 3 4 7 8 11 12 14 15 16 17 18 19 20 22 23 26 27 30
54 3 4 5 7 8 9 11 12 13 15 16 17 18 19 20 22 23 26 27 30
55 2 3 4 7 8 11 12 15 16 17 18 19 21 22 23 24 25 26 27 30
56 2 3 4 7 8 9 11 12 13 15 16 18 19 20 22 23 26 28 29 30
58 2 3 4 7 8 9 11 12 13 15 16 18 19 20 21 23 26 27 28 30
59 1 3 4 5 7 8 9 10 11 15 16 17 18 19 22 23 24 26 27 30
62 1 3 4 7 8 10 11 12 13 15 16 17 18 19 21 23 26 27 29 30
63 2 3 4 7 8 10 11 12 15 16 17 18 19 22 23 24 25 26 27 30
64 2 3 4 7 8 11 12 15 16 17 18 19 22 23 25 26 27 28 29 30
66 1 3 4 6 8 11 15 16 18 19 20 21 22 23 24 25 26 28 29 30
67 1 3 4 6 7 8 9 10 11 12 15 16 18 19 20 21 22 23 26 30
68 1 3 4 6 7 8 9 11 12 14 15 16 17 18 19 23 25 26 27 30
70 1 3 4 5 6 7 8 11 15 16 18 19 20 23 24 25 26 27 28 30
71 2 3 4 7 8 11 12 15 16 17 18 19 20 22 23 24 26 27 29 30
72 1 3 4 5 6 7 8 9 10 11 13 15 16 18 19 21 23 26 27 30
73 3 4 7 8 9 11 12 13 14 15 16 18 19 21 23 25 26 27 28 30
75 1 3 4 5 7 8 11 12 14 15 16 17 19 20 21 22 23 25 26 30
76 2 3 4 8 10 11 14 15 16 18 19 21 22 23 24 25 26 28 29 30
77 1 2 3 4 8 10 11 13 14 15 16 17 19 23 24 26 27 28 29 30
79 1 3 4 7 8 11 12 14 15 16 18 19 21 22 23 24 26 27 28 30
80 2 3 4 6 7 8 11 12 14 15 16 17 18 19 21 22 23 26 27 30
81 2 3 4 8 9 11 12 15 16 17 18 19 21 22 23 24 26 28 29 30
82 2 3 4 7 8 11 12 14 15 16 17 18 19 22 23 24 25 26 27 30
83 2 3 4 6 7 8 11 12 13 15 16 18 19 20 21 22 23 26 28 30
84 1 3 4 5 7 8 11 12 13 15 16 17 18 19 20 23 25 26 27 30
86 2 3 4 5 6 7 8 11 12 15 16 17 18 19 22 23 26 27 28 30
87 3 4 5 6 7 8 10 11 12 15 16 18 19 23 24 25 26 28 29 30
88 3 4 5 7 8 9 10 11 13 14 15 17 18 19 20 23 26 28 29 30
89 1 2 3 4 7 8 9 11 12 15 16 17 18 19 20 21 23 24 26 30
90 1 2 3 4 7 8 11 12 13 15 16 17 18 19 22 23 25 26 27 30
91 3 4 7 8 9 10 11 12 15 16 17 18 19 22 23 24 26 27 29 30
92 3 4 7 8 9 11 12 14 15 16 17 18 19 22 23 25 26 27 29 30
93 3 4 7 8 9 11 12 13 14 15 16 18 19 22 23 25 26 27 29 30
94 2 3 4 7 8 9 11 12 14 15 16 18 19 20 21 23 24 26 29 30
95 1 2 3 4 5 6 7 8 10 11 14 15 16 17 18 19 21 23 26 30
96 2 3 4 7 8 11 12 14 15 16 17 18 19 22 23 24 26 27 29 30
97 3 4 7 8 9 10 11 12 13 15 16 18 19 20 23 24 26 27 28 30
98 2 3 4 5 6 7 8 11 12 15 16 18 19 22 23 25 26 27 29 30
99 1 2 3 4 6 7 8 10 11 12 14 15 16 18 19 22 23 25 26 30
100 3 4 7 8 11 12 14 15 16 17 18 19 20 21 22 23 24 26 27 30
101 1 3 4 6 7 8 11 12 13 14 15 16 18 19 20 22 23 26 27 30
102 1 3 4 7 8 9 11 12 14 15 16 17 18 19 22 23 25 26 28 30
103 3 4 5 7 8 9 11 12 15 16 17 18 19 20 22 23 24 26 27 30
104 1 3 4 7 8 9 11 12 15 16 17 18 19 23 25 26 27 28 29 30
105 1 4 5 6 7 8 10 11 13 14 15 16 17 19 21 23 25 26 27 30
106 3 4 5 7 8 11 12 14 15 16 17 18 19 20 22 23 25 26 29 30
107 3 4 7 8 9 10 11 12 14 15 16 17 18 19 22 23 24 26 27 30
108 3 4 5 6 7 8 11 12 13 15 16 18 19 20 22 23 25 26 27 30
109 2 3 4 7 8 9 11 12 13 15 16 17 18 19 21 22 23 26 27 30
110 2 3 4 5 7 8 10 11 12 15 16 18 19 21 22 23 25 26 27 30
111 2 3 4 5 7 8 10 11 12 14 15 16 18 19 23 25 26 27 29 30
112 2 3 4 5 7 8 10 11 12 15 16 17 18 19 22 23 25 26 27 30
113 1 2 3 4 8 9 10 11 14 15 16 17 18 19 20 22 23 26 28 30
114 3 4 5 7 8 10 11 12 14 15 16 18 19 21 22 23 25 26 27 30
115 3 4 6 7 8 11 12 15 16 17 18 19 20 21 22 23 26 27 29 30
118 3 4 6 7 8 10 11 12 14 15 16 18 19 20 21 22 23 26 27 30
119 2 3 4 7 8 10 11 14 15 16 17 18 19 20 21 22 23 26 29 30
121 2 3 4 7 8 11 12 14 15 16 17 18 19 22 23 24 25 26 27 30
122 1 2 3 4 5 6 8 11 12 13 14 15 19 21 23 24 26 27 28 30
123 2 3 4 5 7 8 9 11 12 15 16 18 19 23 24 25 26 27 28 30
124 1 2 3 4 7 8 9 11 12 14 15 16 17 18 19 23 26 27 28 30
126 2 3 4 5 6 7 8 11 12 15 16 17 18 19 20 21 23 26 27 30
127 2 4 5 8 10 11 14 15 16 19 20 21 23 24 25 26 27 28 29 30
128 1 2 3 4 6 7 8 9 11 12 13 15 16 18 19 20 23 26 27 30
129 1 2 3 4 7 8 9 11 13 14 15 16 18 19 21 23 24 25 26 30
130 3 4 7 8 11 12 13 15 16 18 19 21 23 24 25 26 27 28 29 30
131 3 4 6 7 8 9 10 11 12 14 15 16 18 19 21 22 23 26 27 30
134 2 3 4 7 8 9 10 11 12 13 14 15 16 18 19 22 23 26 27 30
135 1 2 3 4 5 6 8 9 11 13 15 16 18 19 21 22 23 26 27 30
136 1 2 3 4 6 7 8 11 12 15 16 17 18 19 20 22 23 26 27 30
139 1 3 4 7 8 9 11 12 14 15 16 18 19 20 23 25 26 27 28 30
140 3 4 7 8 11 12 13 14 15 16 18 19 20 22 23 24 26 27 29 30
141 1 4 5 6 7 8 9 10 11 15 16 18 19 22 23 25 26 27 29 30
143 1 3 4 5 6 7 8 10 11 12 13 14 15 16 18 19 21 23 26 30
144 2 4 5 7 8 9 10 11 15 16 17 18 19 20 21 23 26 27 28 30
145 1 2 3 4 6 7 8 11 14 15 16 17 18 19 23 25 26 27 29 30
146 1 3 4 7 8 11 12 15 16 17 18 19 20 21 23 24 26 27 28 30
148 1 4 5 6 7 8 10 11 15 16 18 19 21 23 24 25 26 27 28 30
149 2 3 4 5 7 8 9 10 11 13 15 16 18 19 20 21 23 26 29 30
150 1 2 3 4 8 9 10 11 14 15 16 17 19 20 22 23 26 28 29 30
151 1 3 4 5 6 7 8 12 14 15 16 17 18 19 20 21 23 25 26 27
152 2 3 4 6 7 8 10 11 14 15 16 17 18 19 20 21 23 25 26 30
154 1 2 3 4 7 8 11 12 15 16 17 18 19 22 23 24 26 27 29 30
155 1 3 4 7 8 11 12 14 15 16 17 18 19 22 23 25 26 27 28 30
156 1 2 4 5 6 8 9 10 11 12 13 15 16 18 19 23 24 25 26 28
158 1 2 3 4 5 6 7 8 11 12 13 14 15 16 18 19 23 26 27 30
159 1 3 4 6 7 8 9 10 11 15 16 17 18 19 20 22 23 25 26 30
161 2 3 4 5 7 8 9 11 12 13 15 16 18 19 22 23 24 25 26 30
162 2 3 4 7 8 11 12 14 15 16 17 18 19 20 22 23 24 26 27 30
163 2 3 4 6 7 8 11 12 13 15 16 17 18 19 22 23 26 27 28 30
164 3 4 5 8 9 10 11 12 14 15 16 17 18 19 21 23 26 28 29 30
165 1 2 3 4 7 8 11 12 13 15 16 17 18 19 22 23 25 26 27 30
166 3 4 7 8 11 12 13 15 16 17 18 19 21 22 23 24 26 27 28 30
167 2 3 4 6 7 8 11 12 13 14 15 16 17 18 19 22 23 26 27 30
168 1 3 4 5 6 7 8 11 12 13 15 16 18 19 20 21 23 26 28 30
169 2 3 4 7 8 10 11 12 15 16 17 18 19 22 23 24 26 27 28 30
170 2 4 6 8 10 11 14 15 16 17 18 19 21 23 25 26 27 28 29 30
171 1 3 4 5 7 8 10 11 12 15 16 18 19 21 23 25 26 27 28 30
172 1 2 3 4 7 8 10 11 12 14 15 16 17 18 19 21 23 26 27 30
173 2 3 4 5 7 8 11 12 14 15 16 18 19 22 23 26 27 28 29 30
175 2 3 4 7 8 9 11 12 13 15 16 17 18 19 20 22 23 26 27 30
176 1 4 5 8 11 12 13 14 15 16 17 18 19 23 24 25 26 28 29 30
177 2 3 4 5 6 7 8 11 12 15 16 18 19 22 23 24 26 27 29 30
178 1 3 4 5 7 8 9 10 11 14 15 16 18 19 20 23 24 26 27 30
179 1 3 4 5 6 8 9 10 11 13 15 16 19 20 22 23 24 25 26 30
180 1 2 3 4 5 6 7 8 10 11 13 15 16 17 19 23 26 27 29 30
181 2 3 4 7 8 11 12 15 16 17 18 19 21 22 23 26 27 28 29 30
182 3 4 6 7 8 10 11 12 15 16 18 19 20 21 22 23 24 26 27 30
183 1 3 4 5 6 7 8 11 12 15 16 18 19 20 22 23 24 26 27 30
185 3 4 5 6 7 8 11 12 13 15 16 17 18 19 21 23 25 26 29 30
186 1 4 7 8 9 11 13 15 16 17 18 19 21 22 23 24 26 28 29 30
187 1 3 4 5 8 9 11 13 15 16 18 19 20 22 23 24 25 26 29 30
188 2 3 4 7 8 9 11 12 14 15 16 17 18 19 21 22 23 26 27 30
189 1 2 4 7 8 9 10 11 13 14 15 16 18 19 23 24 25 26 29 30
190 2 3 4 5 7 8 11 12 13 15 16 17 18 19 22 23 26 27 28 30
191 2 3 4 5 7 8 9 11 12 15 16 17 18 19 22 23 26 27 29 30
193 1 2 3 4 6 7 8 9 11 12 15 16 18 19 23 25 26 27 28 30
194 3 4 5 7 8 9 11 12 13 14 15 16 18 19 22 23 26 27 28 30
195 2 3 4 5 7 8 11 12 13 15 16 17 18 19 22 23 24 26 27 30
198 1 2 3 4 5 6 8 10 11 12 13 14 15 16 18 19 20 23 26 30
199 3 4 6 7 8 9 10 11 12 13 14 15 16 18 19 23 25 26 27 30
200 1 2 3 4 7 8 11 12 13 15 16 17 18 19 22 23 26 27 28 30
201 1 3 4 7 8 9 10 11 12 13 15 16 18 19 23 25 26 28 29 30
203 1 4 5 6 8 9 11 12 14 15 16 18 19 20 23 24 25 26 27 30
204 1 3 4 5 6 8 11 12 13 15 16 17 18 19 22 23 24 26 29 30
205 3 4 7 8 9 11 12 13 15 16 17 18 19 20 22 23 26 27 28 30
206 1 3 4 8 11 12 13 15 16 17 18 19 20 23 24 25 26 28 29 30
207 3 4 7 8 9 11 12 15 16 18 19 21 22 23 24 26 27 28 29 30
208 1 3 4 7 8 10 11 12 15 16 18 19 20 21 22 23 26 27 28 30
209 3 4 6 7 8 9 10 11 15 16 18 19 20 21 22 23 24 26 29 30
210 2 3 4 5 7 8 11 12 14 15 16 17 18 19 20 22 23 26 27 30
212 3 4 5 6 7 8 10 11 12 13 14 15 16 18 19 23 24 26 27 30
213 1 2 3 4 5 7 8 11 12 14 15 16 18 19 22 23 26 27 29 30
214 1 2 3 4 7 8 9 11 12 15 16 18 19 21 23 24 26 27 29 30
215 1 2 3 4 7 8 9 11 12 15 16 18 19 22 23 24 26 27 28 30
218 3 4 7 8 9 10 11 12 13 14 15 16 17 18 19 21 22 23 26 30
219 1 3 4 7 8 10 11 12 13 14 15 16 17 18 19 22 23 26 27 30
222 1 3 4 7 8 10 11 12 15 16 17 18 19 21 22 23 26 27 28 30
223 2 3 4 5 7 8 11 12 15 16 17 18 19 21 23 26 27 28 29 30
224 2 4 7 8 9 10 11 12 15 16 18 19 21 23 25 26 27 28 29 30
225 1 2 3 4 6 7 8 11 12 14 15 16 18 19 22 23 26 27 29 30
226 2 3 4 7 8 9 11 12 13 15 16 17 18 19 21 22 23 26 27 30
227 3 4 7 8 10 11 12 15 16 17 18 19 20 21 23 24 26 27 29 30
228 1 2 3 4 6 7 8 11 12 14 15 16 18 19 23 24 26 27 29 30
229 1 3 4 6 7 8 11 12 15 16 17 18 19 21 23 25 26 28 29 30
230 1 2 3 4 5 6 7 8 11 15 16 17 19 20 21 23 24 25 26 30
231 3 4 6 7 8 11 12 13 15 16 17 18 19 21 22 23 25 26 28 30
232 1 3 4 7 8 10 11 12 15 16 17 18 19 21 23 24 26 27 28 30
233 2 3 4 6 7 8 9 10 11 12 15 16 18 19 22 23 25 26 27 30
235 1 2 3 4 7 8 11 12 15 16 18 19 21 22 23 24 26 27 28 30
236 2 3 4 6 7 8 9 11 12 15 16 17 18 19 21 22 23 24 26 30
237 3 4 5 6 7 8 11 12 15 16 17 18 19 22 23 24 26 27 28 30
239 3 4 7 8 11 12 14 15 16 18 19 21 22 23 24 25 26 27 29 30
240 1 4 5 6 8 11 14 15 16 17 18 19 21 23 24 26 27 28 29 30
241 1 3 4 5 6 7 8 9 10 11 12 15 16 18 19 23 25 26 27 30
242 3 4 5 8 11 15 16 17 18 19 21 22 23 24 25 26 27 28 29 30
243 1 3 4 7 8 11 12 13 14 15 16 17 18 19 22 23 25 26 28 30
244 3 4 7 8 11 12 13 15 16 17 18 19 21 22 23 25 26 27 29 30
245 2 3 4 7 8 9 11 12 13 14 15 16 17 18 19 22 23 26 27 30
246 3 4 5 6 7 8 10 11 12 15 16 17 18 19 20 22 23 26 27 30
248 3 4 6 7 8 10 11 12 13 15 16 18 19 20 22 23 25 26 27 30
250 2 3 4 5 7 8 11 12 13 15 16 18 19 20 22 23 25 26 27 30
251 1 3 4 5 6 7 8 11 12 13 15 16 17 18 19 20 23 24 26 30
252 2 3 4 7 8 9 11 12 13 15 16 17 18 19 22 23 26 27 29 30
253 2 3 4 7 8 9 11 12 13 15 16 17 18 19 22 23 25 26 27 30
254 1 3 4 5 7 8 9 11 12 13 15 16 18 19 23 24 25 26 29 30
255 1 3 4 5 6 7 8 10 11 12 14 15 16 18 19 20 23 26 27 30
256 2 3 4 5 7 8 11 12 13 15 16 17 18 19 22 23 25 26 27 30
258 1 2 3 4 7 8 9 11 12 14 15 16 17 18 19 22 23 26 27 30
259 1 2 3 4 5 8 11 13 15 16 17 18 19 23 24 25 26 27 28 30
260 1 3 4 5 6 7 8 9 11 12 15 16 18 19 23 26 27 28 29 30
261 1 3 4 5 8 9 11 12 15 16 17 18 19 21 23 26 27 28 29 30
262 2 3 4 7 8 9 11 12 13 15 16 17 18 19 20 22 23 26 27 30
263 2 3 4 5 7 8 9 11 12 15 16 18 19 22 23 25 26 27 29 30
264 1 2 3 4 6 7 8 9 11 12 15 16 18 19 21 23 24 26 28 30
265 2 3 4 7 8 9 11 12 15 16 18 19 21 22 23 24 26 27 29 30
266 3 4 7 8 10 11 12 13 15 16 18 19 20 21 22 23 25 26 28 30
267 3 4 6 7 8 11 12 13 15 16 18 19 20 21 22 23 26 27 28 30
268 1 2 3 4 7 8 10 11 12 14 15 16 17 18 19 23 25 26 27 30
269 1 2 3 4 7 8 11 12 13 14 15 16 17 18 19 22 23 26 27 30
271 3 4 7 8 10 11 12 13 14 15 16 17 18 19 22 23 25 26 27 30
272 1 2 3 4 6 7 8 10 11 12 15 16 18 19 22 23 26 27 29 30
273 2 4 5 8 11 12 14 15 16 18 19 20 21 23 24 25 26 27 28 30
274 2 3 4 6 7 8 11 12 13 15 16 17 18 19 20 22 23 26 27 30
275 2 3 4 7 8 9 10 11 12 13 15 16 17 18 19 21 23 24 26 30
277 3 4 5 7 8 10 11 12 14 15 16 18 19 20 22 23 26 27 29 30
278 2 3 4 7 8 10 11 12 15 16 18 19 20 21 23 24 26 27 29 30
279 2 3 4 7 8 9 11 12 13 15 16 17 18 19 20 22 23 26 27 30
281 1 2 3 4 5 6 8 11 12 14 15 16 18 19 23 24 25 26 29 30
282 2 3 4 7 8 11 12 13 15 16 17 18 19 21 22 23 26 27 28 30
283 2 3 4 5 7 8 11 12 14 15 16 17 18 19 22 23 24 26 27 30
285 1 3 4 6 7 8 9 11 13 15 16 17 18 19 23 24 26 27 28 30
286 1 3 4 6 8 9 11 12 14 15 16 18 19 20 22 23 26 27 29 30
287 2 3 4 7 8 9 10 11 12 14 15 16 17 18 19 22 23 26 27 30
288 3 4 5 7 8 9 11 12 13 14 15 16 18 19 23 25 26 27 28 30
290 3 4 6 7 8 9 11 13 14 15 16 18 19 22 23 24 26 27 29 30
291 1 2 3 4 7 8 11 12 15 16 17 18 19 21 22 23 24 26 27 30
292 3 4 6 8 10 11 14 15 16 17 18 19 20 23 24 26 27 28 29 30
293 1 3 4 7 8 10 11 12 15 16 18 19 21 23 24 25 26 28 29 30
294 1 3 4 5 7 8 10 11 13 15 16 18 19 22 23 24 25 26 28 30
295 2 3 4 5 7 8 11 12 15 16 17 18 19 22 23 24 26 27 29 30
296 1 2 3 4 6 8 10 11 14 15 16 18 19 21 22 23 24 26 28 30
297 1 2 3 4 5 7 8 11 12 13 14 15 16 18 19 23 24 25 26 30
298 2 3 4 7 8 9 11 12 13 15 16 17 18 19 21 22 23 26 27 30
299 2 3 4 7 8 11 12 15 16 17 18 19 20 22 23 24 26 27 28 30
300 1 2 3 4 6 7 8 10 11 12 15 16 17 18 19 22 23 26 27 30
301 3 4 7 8 10 11 12 13 15 16 18 19 20 21 23 25 26 27 29 30
302 1 2 3 4 7 8 11 12 14 15 16 17 18 19 22 23 26 27 28 30
303 1 3 4 5 7 8 11 12 15 16 17 18 19 22 23 26 27 28 29 30
304 2 3 4 5 7 8 11 12 13 15 16 17 18 19 20 22 23 26 27 30
305 1 2 3 4 7 8 10 11 12 15 16 18 19 21 22 23 24 26 27 30
306 1 3 4 6 7 8 9 11 15 16 17 18 19 20 23 24 26 28 29 30
309 2 3 4 6 8 10 11 15 16 17 18 19 21 23 24 25 26 27 28 30
310 3 4 7 8 9 10 11 12 13 15 16 18 19 21 23 24 26 27 28 30
311 2 3 4 5 7 8 11 12 13 15 16 17 18 19 22 23 24 26 27 30
312 1 2 3 4 6 7 8 11 12 14 15 16 18 19 20 23 26 27 29 30
313 3 4 7 8 11 12 13 14 15 16 17 18 19 21 22 23 25 26 27 30
314 2 3 4 5 6 7 8 11 12 14 15 16 17 18 19 22 23 26 27 30
315 3 4 7 8 9 10 11 12 14 15 16 17 18 19 23 24 26 27 28 30
316 1 3 4 7 8 11 12 13 15 16 17 18 19 22 23 24 25 26 27 30
317 3 4 5 7 8 9 11 12 14 15 16 17 18 19 23 25 26 28 29 30
318 3 4 7 8 9 11 12 13 15 16 17 18 19 22 23 26 27 28 29 30
319 1 4 6 8 9 10 11 12 13 15 16 17 18 19 21 22 23 26 29 30
321 2 3 4 5 6 7 8 9 11 12 15 16 17 18 19 23 25 26 27 30
322 3 4 7 8 9 11 12 14 15 16 17 18 19 20 22 23 26 27 29 30
323 1 3 4 7 8 9 10 11 12 14 15 16 17 18 19 23 24 26 29 30
324 2 3 4 7 8 11 12 14 15 16 17 18 19 22 23 26 27 28 29 30
326 3 4 7 8 9 10 11 12 15 16 18 19 21 22 23 24 26 27 29 30
327 1 3 4 7 8 9 11 12 15 16 18 19 22 23 25 26 27 28 29 30
328 2 3 4 7 8 11 12 13 15 16 17 18 19 22 23 24 26 27 29 30
329 3 4 5 7 8 9 11 12 13 14 15 16 18 19 20 21 23 24 26 30
330 3 4 6 7 8 9 10 11 12 13 15 16 17 18 19 20 23 26 27 30
331 4 5 6 7 8 9 11 13 15 16 17 18 19 22 23 24 25 26 29 30
332 1 3 4 6 7 8 10 11 12 14 15 16 18 19 23 25 26 27 28 30
334 1 3 4 5 7 8 10 11 12 15 16 18 19 20 21 22 23 26 27 30
335 3 4 6 7 8 11 12 15 16 18 19 20 21 22 23 24 26 27 28 30
336 3 4 5 8 9 11 12 13 14 15 16 17 19 20 22 23 24 26 27 30
337 3 4 7 8 10 11 12 14 15 16 18 19 21 22 23 24 25 26 27 30
338 3 4 5 7 8 9 11 12 14 15 16 18 19 23 24 25 26 27 28 30
339 3 4 7 8 10 11 12 14 15 16 17 18 19 20 21 22 23 26 27 30
341 1 2 3 4 7 8 11 12 13 15 16 17 18 19 20 22 23 26 27 30
342 3 4 7 8 9 10 11 12 15 16 17 18 19 22 23 25 26 27 29 30
343 3 4 5 7 8 9 11 12 15 16 17 18 19 20 23 24 26 27 28 30
344 2 3 4 6 7 8 11 12 13 14 15 16 17 18 19 22 23 26 27 30
345 2 3 4 5 7 8 11 12 13 14 15 16 18 19 21 23 25 26 27 30
346 3 4 6 7 8 11 12 15 16 17 18 19 21 22 23 24 25 26 27 30
348 2 3 4 5 7 8 10 11 12 15 16 17 18 19 21 22 23 26 27 30
350 1 3 4 7 8 9 11 12 14 15 16 17 18 19 20 23 24 25 26 30
351 2 4 6 7 8 9 10 11 13 14 15 16 19 20 22 23 25 26 27 30
353 1 3 4 6 7 8 9 11 12 13 14 15 16 18 19 22 23 25 26 30
354 2 3 4 5 7 8 11 12 15 16 17 18 19 20 21 23 26 27 28 30
355 2 3 4 5 6 7 8 9 11 14 15 16 18 19 21 22 23 26 28 30
356 4 5 7 8 9 10 11 12 14 15 16 17 19 20 23 24 25 26 29 30
358 1 3 4 6 7 8 11 12 13 14 15 16 18 19 22 23 24 26 27 30
359 1 2 3 4 7 8 11 15 16 18 19 20 23 24 25 26 27 28 29 30
360 3 4 6 7 8 11 12 14 15 16 17 18 19 20 22 23 26 27 28 30
361 3 4 5 6 7 8 11 12 13 15 16 17 18 19 22 23 24 26 27 30
362 1 2 3 4 6 8 10 11 13 15 16 17 18 19 22 23 25 26 27 30
363 1 2 3 4 5 6 8 9 11 14 15 16 18 19 20 23 24 26 27 30
364 1 3 4 5 7 8 9 11 12 15 16 18 19 20 21 23 25 26 27 30
365 1 2 3 4 6 7 8 11 12 15 16 17 18 19 21 22 23 26 27 30
366 1 3 4 7 8 9 11 12 13 14 15 16 17 18 19 20 21 23 26 30
367 2 3 4 7 8 10 11 12 14 15 16 18 19 22 23 24 26 27 29 30
368 2 3 4 6 7 8 11 12 15 16 18 19 22 23 24 25 26 27 29 30
369 2 3 4 6 7 8 11 12 15 16 17 18 19 20 22 23 26 27 28 30
370 3 4 6 7 8 11 12 14 15 16 17 18 19 20 22 23 24 26 27 30
371 1 2 3 4 6 7 8 11 12 13 15 16 18 19 23 26 27 28 29 30
372 2 3 4 5 7 8 11 12 14 15 16 18 19 21 23 24 25 26 27 30
373 1 3 4 7 8 9 10 11 13 15 16 18 19 21 22 23 26 27 28 30
374 1 2 3 4 7 8 10 11 12 15 16 17 18 19 22 23 24 25 26 30
375 1 3 4 7 8 11 12 13 14 15 16 18 19 21 22 23 25 26 29 30
377 2 3 4 5 7 8 11 12 15 16 18 19 22 23 24 26 27 28 29 30
378 4 6 7 8 9 11 12 13 14 15 16 18 19 20 23 26 27 28 29 30
382 2 3 4 7 8 11 12 14 15 16 17 18 19 22 23 26 27 28 29 30
383 2 3 4 7 8 10 11 12 15 16 17 18 19 20 23 24 26 27 28 30
384 2 3 4 6 7 8 11 12 15 16 17 18 19 22 23 24 26 27 28 30
385 1 2 3 4 6 7 8 11 12 15 16 17 18 19 22 23 25 26 27 30
386 2 3 4 7 8 9 11 12 13 14 15 16 18 19 22 23 25 26 27 30
387 2 3 4 7 8 10 11 13 15 16 17 18 19 22 23 24 25 26 29 30
388 3 4 6 7 8 10 11 12 13 15 16 18 19 22 23 26 27 28 29 30
389 2 3 4 7 8 9 11 12 13 15 16 17 18 19 22 23 24 26 27 30
390 2 4 5 6 7 8 10 11 13 15 16 18 19 20 21 23 25 26 28 30
391 2 3 4 5 7 8 9 11 12 15 16 18 19 21 22 23 26 27 28 30
393 3 4 6 7 8 9 11 12 15 16 17 18 19 22 23 24 26 27 28 30
394 1 3 4 7 8 10 11 12 13 15 16 17 18 19 22 23 25 26 27 30
395 2 3 4 7 8 9 11 12 13 15 16 17 18 19 22 23 24 26 27 30
398 3 4 5 7 8 9 11 12 13 15 16 18 19 20 21 23 26 27 29 30
399 2 3 4 6 7 8 11 12 15 16 17 18 19 22 23 24 26 27 29 30
400 2 3 4 7 8 11 12 13 15 16 17 18 19 20 22 23 26 27 29 30
401 1 3 4 5 7 8 11 12 15 16 18 19 20 22 23 25 26 27 29 30
402 2 3 4 5 7 8 9 11 12 13 15 16 17 18 19 22 23 26 27 30
403 3 4 7 8 9 11 12 13 15 16 17 18 19 21 22 23 26 27 29 30
405 1 2 3 4 8 10 11 12 13 15 16 18 19 20 21 23 26 28 29 30
406 3 4 7 8 9 11 12 13 15 16 18 19 21 23 24 25 26 27 29 30
407 2 3 4 5 6 7 8 10 11 12 15 16 17 18 19 22 23 26 27 30
408 2 3 4 7 8 10 11 12 13 14 15 16 17 18 19 22 23 25 26 30
409 3 4 5 6 7 8 10 11 12 13 14 15 16 18 19 20 23 26 28 30
410 3 4 5 6 7 8 11 12 15 16 18 19 20 21 23 24 26 27 28 30
411 3 4 7 8 10 11 12 15 16 17 18 19 21 22 23 25 26 28 29 30
412 3 4 5 6 8 9 11 12 13 14 15 16 17 18 19 20 23 24 26 30
413 2 3 4 5 8 9 11 12 13 15 16 18 19 21 23 24 25 26 27 30
414 1 3 4 7 8 9 11 12 13 15 16 17 18 19 21 22 23 26 27 30
415 2 3 4 6 7 8 9 11 12 13 15 16 17 18 19 20 23 24 26 30
416 3 4 7 8 9 11 12 14 15 16 18 19 21 22 23 24 26 28 29 30
417 1 3 4 5 6 8 10 11 13 14 15 16 18 19 23 24 26 28 29 30
418 1 2 3 4 5 6 8 9 11 15 16 17 18 19 23 25 26 27 28 30
419 1 2 4 5 7 8 10 11 13 15 16 18 19 20 21 23 25 26 28 30
420 1 2 3 4 7 8 11 12 13 15 16 18 19 21 23 25 26 27 29 30
422 3 4 5 6 7 8 9 11 13 14 15 16 18 19 20 21 23 26 27 30
423 3 4 6 7 8 10 11 12 14 15 16 18 19 20 22 23 26 27 28 30
425 2 3 4 6 7 8 11 12 13 15 16 17 18 19 22 23 25 26 27 30
426 1 3 4 5 6 7 8 11 12 15 16 18 19 20 23 24 26 27 28 30
427 3 4 5 7 8 9 10 11 12 15 16 17 18 19 21 22 23 26 27 30
428 2 3 4 8 9 11 12 13 15 16 17 18 19 21 23 24 25 26 28 30
430 2 3 4 7 8 10 11 12 15 16 17 18 19 21 22 23 24 26 27 30
431 2 3 4 7 8 10 11 12 14 15 16 18 19 21 22 23 24 26 27 30
432 2 3 4 5 8 9 11 12 13 15 16 17 18 19 21 23 26 27 28 30
433 2 3 4 6 7 8 11 12 15 16 17 18 19 21 22 23 26 27 28 30
434 2 3 4 8 9 10 11 15 16 17 18 19 20 21 23 25 26 28 29 30
435 1 2 3 4 5 6 7 8 11 14 15 16 17 18 19 21 23 25 26 30
437 1 2 3 4 7 8 9 11 12 15 16 17 18 19 21 22 23 26 27 30
438 2 3 4 6 7 8 11 13 15 16 18 19 21 22 23 24 25 26 28 30
440 3 4 7 8 9 11 12 15 16 17 18 19 21 22 23 24 25 26 27 30
441 2 3 4 5 8 10 11 13 15 16 17 18 19 23 24 25 26 28 29 30
442 2 3 4 6 7 8 11 12 13 15 16 18 19 20 23 24 26 27 28 30
444 2 3 4 7 8 11 12 13 15 16 17 18 19 20 22 23 26 27 28 30
445 2 3 4 6 7 8 10 11 12 13 15 16 18 19 22 23 26 27 28 30
446 1 2 3 4 7 8 11 12 13 14 15 16 18 19 23 24 25 26 27 30
447 3 4 6 7 8 11 12 14 15 16 18 19 22 23 24 26 27 28 29 30
450 1 3 4 5 7 8 11 12 13 15 16 17 18 19 21 23 24 26 27 30
451 3 4 7 8 11 12 13 14 15 16 18 19 21 22 23 24 26 27 28 30
454 1 2 3 4 6 7 8 10 11 12 15 16 18 19 21 23 25 26 28 30
455 2 3 4 7 8 11 12 13 15 16 18 19 20 21 22 23 26 27 29 30
456 3 4 5 7 8 11 12 15 16 17 18 19 21 22 23 25 26 27 29 30
457 3 4 5 6 7 8 9 10 11 15 16 18 19 21 22 23 24 26 29 30
458 2 3 4 7 8 11 12 15 16 18 19 20 22 23 24 25 26 27 29 30
459 1 3 4 5 7 8 11 12 15 16 17 18 19 20 22 23 25 26 27 30
461 1 3 4 7 8 9 11 12 15 16 17 18 19 22 23 24 26 27 29 30
462 3 4 7 8 9 11 12 13 14 15 16 17 18 19 22 23 26 27 29 30
463 3 4 5 7 8 10 11 12 13 14 15 16 18 19 21 22 23 26 27 30
464 2 3 4 7 8 10 11 12 15 16 17 18 19 21 23 25 26 27 28 30
465 2 3 4 5 7 8 11 12 13 15 16 17 18 19 22 23 26 27 28 30
466 2 3 4 7 8 9 11 12 15 16 18 19 21 22 23 24 26 27 29 30
467 1 2 3 4 5 8 9 11 15 16 17 18 19 20 23 24 26 27 28 30
469 1 3 4 5 7 8 10 11 14 15 16 18 19 21 22 23 26 27 29 30
470 3 4 7 8 9 11 12 13 14 15 16 18 19 20 21 22 23 26 27 30
471 1 3 4 5 8 9 10 11 13 15 16 18 19 21 22 23 26 27 28 30
473 2 3 4 6 7 8 11 12 15 16 17 18 19 20 22 23 24 26 27 30
474 1 3 4 7 8 10 11 15 16 18 19 20 21 23 24 25 26 27 28 30
475 1 3 4 7 8 11 12 14 15 16 17 18 19 21 23 24 25 26 29 30
476 2 3 4 6 8 11 12 15 16 17 18 19 20 21 23 24 25 26 28 30
477 3 4 7 8 11 12 13 15 16 17 18 19 21 22 23 24 25 26 27 30
478 3 4 6 7 8 10 11 12 14 15 16 17 18 19 22 23 26 27 28 30
479 2 3 4 6 7 8 11 12 14 15 16 17 18 19 22 23 26 27 29 30
482 1 3 4 5 7 8 9 11 15 16 17 18 19 20 23 25 26 27 28 29
483 2 3 4 7 8 9 11 15 16 17 18 19 20 21 23 24 26 28 29 30
484 3 4 7 8 9 10 11 12 13 14 15 16 18 19 23 24 26 28 29 30
486 2 3 4 7 8 9 11 12 13 15 16 17 18 19 21 22 23 26 27 30
487 1 2 3 4 6 8 9 10 11 15 16 17 18 19 21 23 25 26 29 30
488 2 4 6 7 8 10 11 12 14 15 16 18 19 20 22 23 24 26 29 30
489 1 3 4 7 8 11 12 15 16 17 18 19 21 22 23 26 27 28 29 30
490 2 3 4 6 7 8 11 12 13 14 15 16 17 18 19 22 23 26 27 30
491 2 3 4 5 7 8 9 10 11 12 15 16 17 18 19 23 24 26 28 30
492 1 3 4 5 6 7 8 10 11 12 15 16 17 18 19 22 23 26 27 30
493 2 3 4 5 7 8 9 11 12 15 16 18 19 20 22 23 26 27 29 30
494 3 4 5 7 8 11 12 15 16 17 18 19 20 21 22 23 26 27 29 30
495 2 3 4 6 7 8 11 12 13 15 16 17 18 19 20 22 23 26 27 30
496 3 4 5 7 8 9 10 11 12 14 15 16 18 19 20 23 24 25 26 30
497 1 2 3 4 7 8 11 12 13 15 16 17 18 19 22 23 26 27 29 30
498 1 3 4 6 7 8 10 11 12 13 15 16 17 18 19 23 24 26 29 30
499 3 4 5 7 8 9 11 12 13 14 15 16 17 18 19 23 24 26 29 30
500 2 3 4 6 7 8 9 11 12 15 16 18 19 22 23 24 26 27 28 30
501 3 4 7 8 9 10 11 12 13 15 16 17 18 19 22 23 26 27 28 30
502 3 4 5 6 7 8 10 11 12 14 15 16 18 19 20 22 23 26 27 30
503 1 2 3 4 7 8 10 11 12 14 15 16 18 19 21 23 26 27 29 30
504 3 4 5 7 8 9 11 12 13 15 16 18 19 20 22 23 24 26 27 30
505 3 4 5 7 8 9 11 12 15 16 18 19 20 21 22 23 24 26 29 30
506 3 4 6 7 8 11 12 14 15 16 17 18 19 20 23 24 26 27 29 30
508 2 3 4 7 8 11 12 13 14 15 16 18 19 23 25 26 27 28 29 30
509 3 4 7 8 10 11 12 13 15 16 18 19 21 22 23 24 26 27 28 30
510 2 3 4 6 7 8 9 11 12 14 15 16 18 19 22 23 25 26 27 30
511 2 3 4 6 7 8 9 11 12 13 15 16 17 18 19 22 23 26 27 30
512 1 2 3 4 5 6 8 9 10 11 14 15 18 19 22 23 25 26 28 29
513 1 2 3 4 7 8 10 11 12 15 16 18 19 21 22 23 26 27 29 30
515 1 3 4 7 8 11 12 15 16 17 18 19 20 22 23 26 27 28 29 30
516 2 3 4 6 7 8 11 12 15 16 18 19 20 23 24 25 26 27 28 30
517 1 2 4 5 6 8 11 12 13 14 15 16 18 19 22 23 24 26 27 30
518 3 4 6 7 8 9 11 13 15 16 17 18 19 20 21 23 25 26 29 30
519 2 3 4 7 8 10 11 12 15 16 17 18 19 21 22 23 26 27 29 30
520 3 4 5 6 7 8 11 12 14 15 16 17 18 19 22 23 24 26 27 30
521 3 4 7 8 9 10 11 12 14 15 16 18 19 20 22 23 24 26 28 30
522 1 3 4 6 7 8 9 10 11 12 13 15 16 18 19 23 24 25 26 30
523 2 3 4 7 8 10 11 12 14 15 16 17 18 19 20 22 23 26 27 30
524 2 3 4 7 8 11 12 15 16 17 18 19 21 22 23 24 26 27 28 30
525 1 3 4 7 8 10 11 12 14 15 16 17 18 19 21 22 23 24 26 30
526 2 3 4 7 8 9 10 11 12 15 16 17 18 19 20 22 23 26 27 30
528 2 3 4 5 7 8 11 12 14 15 16 17 18 19 22 23 26 27 28 30
530 2 3 4 5 7 8 11 12 15 16 17 18 19 22 23 26 27 28 29 30
531 1 3 4 7 8 11 12 13 14 15 16 17 18 19 22 23 25 26 27 30
532 3 4 7 8 9 10 11 12 13 15 16 18 19 22 23 25 26 27 28 30
533 3 4 6 7 8 11 12 13 15 16 17 18 19 21 22 23 24 26 27 30
534 2 3 4 5 7 8 11 12 13 15 16 18 19 20 22 23 26 28 29 30
535 4 5 6 7 8 9 10 11 12 15 16 18 19 20 23 26 27 28 29 30
536 3 4 5 7 8 9 10 11 12 14 15 16 18 19 22 23 25 26 27 30
537 2 3 4 5 7 8 9 11 12 13 15 16 17 18 19 22 23 26 27 30
538 3 4 5 7 8 9 10 11 12 13 15 16 18 19 22 23 24 26 28 30
539 1 3 4 5 6 7 8 11 12 14 15 16 17 18 19 22 23 26 27 30
540 3 4 5 7 8 10 11 12 13 15 16 18 19 21 23 26 27 28 29 30
541 1 3 4 7 8 11 12 14 15 16 17 18 19 23 24 25 26 27 28 30
543 1 3 4 6 7 8 11 12 15 16 18 19 22 23 25 26 27 28 29 30
544 2 3 4 5 6 7 8 9 10 11 12 14 15 16 17 18 19 23 26 30
545 1 3 4 7 8 10 11 12 13 14 15 16 18 19 22 23 25 26 28 30
546 3 4 5 6 7 8 11 12 13 14 15 16 18 19 23 24 26 27 28 30
547 1 2 3 4 5 7 8 11 13 14 15 16 18 19 21 23 24 26 27 30
548 3 4 7 8 9 10 11 12 15 16 17 18 19 22 23 24 26 27 29 30
549 1 3 4 6 7 8 9 10 11 12 13 15 16 18 19 23 24 26 29 30
551 3 4 7 8 11 12 13 15 16 18 19 20 21 23 24 26 27 28 29 30
552 1 3 4 5 8 11 12 14 15 17 19 20 21 23 24 25 26 28 29 30
553 3 4 5 7 8 11 12 14 15 16 18 19 20 23 25 26 27 28 29 30
554 3 4 5 7 8 11 12 14 15 16 18 19 20 21 22 23 26 27 28 30
555 3 4 7 8 9 11 12 13 15 16 17 18 19 22 23 24 25 26 27 30
556 3 4 5 6 8 9 10 11 15 16 17 19 20 23 24 26 27 28 29 30
557 3 4 6 7 8 9 11 12 13 15 16 17 18 19 23 25 26 27 28 30
558 2 3 4 7 8 9 11 12 13 15 16 17 18 19 21 22 23 26 27 30
560 1 3 4 6 7 8 9 10 11 12 15 16 17 19 23 24 26 28 29 30
562 3 4 5 7 8 10 11 12 14 15 16 18 19 20 22 23 24 26 27 30
563 3 4 6 7 8 11 12 15 16 17 18 19 20 21 22 23 24 26 27 30
564 3 4 7 8 10 11 12 13 15 16 17 18 19 21 23 24 26 27 28 30
567 3 4 7 8 11 12 14 15 16 18 19 20 22 23 25 26 27 28 29 30
568 2 3 4 7 8 10 11 12 15 16 17 18 19 20 22 23 25 26 27 30
569 2 3 4 6 8 11 13 15 16 18 19 20 21 23 24 25 26 28 29 30
570 3 4 7 8 11 12 14 15 16 17 18 19 21 22 23 25 26 27 28 30
571 3 4 6 7 8 10 11 12 13 15 16 18 19 20 21 23 24 25 26 30
572 2 3 4 7 8 10 11 12 14 15 16 17 18 19 23 25 26 27 29 30
573 2 3 4 6 7 8 9 11 12 15 16 17 18 19 21 22 23 26 27 30
575 3 4 7 8 10 11 13 14 15 16 18 19 20 22 23 24 25 26 28 30
576 3 4 5 6 7 8 9 10 11 15 16 17 18 19 20 21 23 26 29 30
577 2 3 4 5 7 8 10 11 12 13 14 15 16 18 19 20 22 23 26 30
578 1 2 3 4 7 8 11 12 15 16 17 18 19 22 23 25 26 27 29 30
579 3 4 7 8 10 11 12 13 15 16 18 19 20 21 23 24 25 26 29 30
580 1 2 3 4 5 6 7 8 9 11 12 14 15 16 17 18 19 23 26 30
581 2 3 4 6 7 8 11 12 15 16 17 18 19 22 23 24 25 26 27 30
582 1 2 3 4 6 7 8 9 11 12 13 15 17 19 21 22 23 26 27 28
583 1 2 3 4 8 9 11 13 14 15 16 17 19 23 24 26 27 28 29 30
584 2 3 4 6 7 8 11 12 14 15 16 18 19 20 22 23 26 27 28 30
585 1 2 4 5 6 7 8 9 11 14 15 16 17 18 19 20 23 25 26 30
586 3 4 6 8 10 11 12 14 15 16 18 19 22 23 25 26 27 28 29 30
588 1 3 4 7 8 9 10 11 12 15 16 18 19 22 23 24 26 27 28 30
589 2 3 4 6 7 8 9 11 12 14 15 16 17 18 19 20 23 26 27 30
590 2 3 4 7 8 10 11 12 14 15 16 18 19 20 22 23 24 26 27 30
592 4 6 7 8 10 11 12 13 14 15 16 18 19 22 23 24 26 27 28 30
593 1 2 4 6 8 9 11 12 13 14 15 16 18 19 20 22 23 26 28 30
594 1 2 3 4 7 8 11 12 14 15 16 18 19 23 24 25 26 27 28 30
595 1 3 4 5 7 8 9 11 13 15 16 17 18 19 23 25 26 27 28 30
596 3 4 5 7 8 9 11 13 15 16 18 19 20 22 23 24 26 28 29 30
598 1 2 4 8 9 10 11 14 15 17 18 19 20 22 23 24 25 26 29 30
599 2 3 4 7 8 9 10 11 15 16 18 19 21 23 24 26 27 28 29 30
600 2 3 4 5 7 8 11 12 13 15 16 17 18 19 22 23 25 26 27 30
601 3 4 7 8 9 11 12 13 14 15 16 18 19 23 24 25 26 27 29 30
602 1 3 4 7 8 9 11 12 15 16 18 19 20 22 23 24 26 27 28 30
603 1 3 4 6 8 9 10 11 13 15 16 17 18 19 22 23 26 27 29 30
604 3 4 6 7 8 9 11 12 13 15 16 17 18 19 22 23 24 26 27 30
605 1 3 4 7 8 11 13 15 16 18 19 20 22 23 24 25 26 28 29 30
606 1 3 4 6 7 8 11 12 14 15 16 18 19 22 23 24 26 28 29 30
607 2 3 4 6 7 8 9 11 12 15 16 18 19 20 23 25 26 27 28 30
608 2 3 4 7 8 9 11 12 13 15 16 17 18 19 20 22 23 26 27 30
609 2 3 4 7 8 10 11 12 15 16 17 18 19 20 22 23 26 27 29 30
610 3 4 5 7 8 11 12 13 15 16 18 19 21 22 23 25 26 27 29 30
611 3 4 5 7 8 10 11 12 13 15 16 18 19 22 23 25 26 27 28 30
612 1 2 3 4 7 8 9 11 12 14 15 16 18 19 21 23 26 27 29 30
613 1 3 4 7 8 10 11 12 13 15 16 17 18 19 20 22 23 26 27 30
615 4 6 7 8 9 10 11 12 13 15 16 17 19 21 22 23 26 28 29 30
616 3 4 5 6 7 8 9 11 12 15 16 18 19 20 22 23 26 27 29 30
617 3 4 7 8 11 12 13 15 16 17 18 19 21 22 23 25 26 27 28 30
618 1 3 4 6 7 8 9 11 13 15 16 18 19 23 24 25 26 28 29 30
620 1 3 4 6 7 8 11 12 13 15 16 17 18 19 20 23 24 26 27 30
621 2 4 5 6 7 8 9 11 14 15 16 17 18 19 22 23 24 26 28 30
622 1 3 4 6 7 8 11 12 14 15 16 17 18 19 22 23 26 27 28 30
624 2 3 4 5 8 9 11 12 13 14 15 16 17 19 20 22 23 26 27 28
625 2 3 4 5 7 8 9 11 12 13 15 16 18 19 23 25 26 27 29 30
626 1 3 4 6 7 8 9 10 11 15 16 18 19 20 21 23 25 26 29 30
627 3 4 7 8 9 10 11 12 13 14 15 16 18 19 20 22 23 26 27 30
628 1 2 3 4 7 8 11 12 13 15 16 17 18 19 22 23 26 27 29 30
631 1 2 3 4 5 7 8 11 12 13 15 16 17 18 19 22 23 26 27 30
632 1 3 4 6 7 8 10 11 12 13 15 16 18 19 21 23 26 27 29 30
633 1 2 3 4 5 8 11 12 14 15 16 17 18 19 21 23 24 26 27 30
635 1 4 7 8 9 11 12 14 15 16 17 18 19 20 21 22 23 26 29 30
636 3 4 5 6 7 8 11 12 14 15 16 18 19 22 23 24 26 27 29 30
637 1 3 4 7 8 10 11 12 13 14 15 16 18 19 22 23 26 28 29 30
638 3 4 6 7 8 10 11 12 13 15 16 18 19 20 22 23 25 26 27 30
639 1 2 3 4 7 8 10 11 12 15 16 17 18 19 22 23 25 26 27 30
640 3 4 6 7 8 9 11 12 13 15 16 17 18 19 20 23 25 26 27 30
641 2 3 4 7 8 11 12 13 15 16 17 18 19 20 22 23 25 26 27 30
642 2 4 6 7 8 10 11 14 15 16 18 19 20 22 23 24 26 28 29 30
643 1 3 4 6 7 8 11 12 13 15 16 18 19 22 23 25 26 27 28 30
644 3 4 7 8 9 10 11 12 15 16 17 18 19 21 22 23 25 26 27 30
645 3 4 6 7 8 11 12 15 16 17 18 19 20 23 24 26 27 28 29 30
646 3 4 7 8 9 11 12 13 15 16 18 19 20 23 24 25 26 27 28 30
647 1 2 3 4 5 7 8 9 11 12 15 16 18 19 22 23 25 26 27 30
648 2 3 4 7 8 10 11 13 15 16 17 18 19 20 21 23 26 27 29 30
649 2 3 4 6 7 8 11 12 13 15 16 18 19 20 21 22 23 24 26 30
650 2 3 4 7 8 11 12 13 15 16 17 18 19 20 21 22 23 26 27 30
651 2 3 4 6 7 8 11 12 15 16 17 18 19 20 23 25 26 27 29 30
652 1 3 4 5 7 8 9 11 12 15 16 17 18 19 21 23 26 27 29 30
653 1 3 4 7 8 10 11 12 14 15 16 18 19 22 23 24 25 26 27 30
654 3 4 7 8 9 11 12 15 16 17 18 19 20 21 22 23 26 27 29 30
655 1 3 4 6 7 8 9 10 11 12 15 16 17 18 19 22 23 26 27 30
656 1 3 4 7 8 9 11 12 13 14 15 16 18 19 20 21 23 25 26 30
657 1 3 4 5 6 8 9 11 12 14 15 16 19 21 22 23 25 26 27 30
658 1 2 3 4 6 7 8 9 11 12 15 16 17 18 19 22 23 26 27 30
659 3 4 5 6 7 8 11 12 13 14 15 16 18 19 21 23 24 26 27 30
660 2 3 4 5 7 8 11 14 15 16 18 19 20 21 23 25 26 28 29 30
662 2 3 4 5 6 7 8 11 12 15 16 18 19 20 22 23 24 26 27 30
663 4 6 8 9 10 11 13 14 15 16 18 19 21 23 24 25 26 27 28 30
664 1 3 4 7 8 11 12 13 14 15 16 18 19 22 23 24 25 26 27 30
665 1 2 3 4 7 8 11 13 14 15 16 18 19 20 21 22 23 24 26 30
666 1 3 4 7 8 10 11 12 13 14 15 16 18 19 23 25 26 27 29 30
667 3 4 5 7 8 9 10 11 12 15 16 17 18 19 20 22 23 26 27 30
668 3 4 6 7 8 11 12 14 15 16 17 18 19 20 21 23 26 27 28 30
669 3 4 7 8 9 11 12 14 15 16 18 19 20 21 23 26 27 28 29 30
671 1 3 4 7 8 9 10 11 12 15 16 18 19 20 22 23 25 26 27 30
672 3 4 5 8 9 10 11 13 15 16 17 18 19 21 23 24 26 28 29 30
673 2 3 4 7 8 10 11 12 15 16 17 18 19 22 23 25 26 27 28 30
674 1 3 4 7 8 9 10 11 14 15 16 18 19 20 22 23 25 26 29 30
675 1 3 4 7 8 9 11 13 15 16 18 19 20 21 22 23 25 26 28 30
676 3 4 5 7 8 11 12 15 16 17 18 19 20 22 23 24 25 26 27 30
679 3 4 5 6 7 8 9 10 11 12 15 16 18 19 22 23 26 27 29 30
680 2 3 4 7 8 9 11 12 13 14 15 16 18 19 20 23 24 26 29 30
681 2 3 4 6 7 8 9 11 12 15 16 18 19 21 22 23 26 27 29 30
682 2 3 4 5 7 8 11 12 13 15 16 17 18 19 22 23 26 27 28 30
684 1 2 4 5 8 10 11 13 14 15 16 18 19 21 23 24 26 27 29 30
685 1 3 4 5 7 8 11 13 14 15 16 19 20 21 23 24 25 26 29 30
686 2 3 4 5 7 8 10 11 12 13 15 16 17 18 19 22 23 26 27 30
687 3 4 6 7 8 11 12 13 14 15 16 18 19 20 21 23 24 26 27 30
688 1 3 4 6 8 10 11 12 13 14 15 16 19 20 23 24 25 26 27 30
689 1 2 3 4 6 7 8 11 12 13 15 16 17 18 19 22 23 26 27 30
690 2 3 4 5 7 8 10 11 12 15 16 17 18 19 21 23 25 26 27 30
691 2 3 4 7 8 9 11 12 15 16 17 18 19 22 23 25 26 27 28 30
694 2 3 4 7 8 11 12 13 14 15 16 17 18 19 20 22 23 26 27 30
695 2 3 4 7 8 11 12 14 15 16 17 18 19 22 23 25 26 27 29 30
696 2 3 4 7 8 11 12 15 16 17 18 19 20 23 24 25 26 27 29 30
697 3 4 7 8 11 12 13 15 16 17 18 19 23 24 25 26 27 28 29 30
698 3 4 5 7 8 9 11 12 13 14 15 16 18 19 23 25 26 27 28 30
699 2 3 4 6 8 9 10 11 15 16 17 18 19 21 23 24 25 26 28 30
700 2 3 4 7 8 11 12 14 15 16 17 18 19 20 22 23 26 27 28 30
701 2 3 4 5 6 7 8 11 12 15 16 17 18 19 21 23 25 26 28 30
703 2 3 4 7 8 10 11 12 15 16 18 19 22 23 24 25 26 27 28 30
704 2 3 4 7 8 11 12 13 14 15 16 17 18 19 22 23 26 27 29 30
705 2 3 4 6 7 8 10 11 12 15 16 17 18 19 21 23 26 27 28 30
706 1 3 4 7 8 10 11 12 14 15 16 18 19 21 23 25 26 28 29 30
707 2 3 4 7 8 11 12 14 15 16 17 18 19 21 22 23 26 27 29 30
708 2 3 4 7 8 9 11 12 15 16 18 19 22 23 25 26 27 28 29 30
710 2 3 4 7 8 11 12 14 15 16 17 18 19 21 22 23 24 26 27 30
711 3 4 5 7 8 11 12 14 15 16 18 19 20 21 22 23 26 27 28 30
712 1 3 4 5 6 7 8 10 11 14 15 16 18 19 20 23 26 27 28 30
713 1 2 3 4 5 8 10 11 13 15 16 18 19 21 22 23 25 26 28 30
716 3 4 5 7 8 9 11 12 14 15 16 19 20 21 22 23 25 26 27 29
717 3 4 6 8 9 10 11 13 14 15 16 17 18 19 20 21 23 25 26 30
718 1 3 4 5 6 7 8 10 11 12 14 15 16 17 18 19 20 23 26 30
720 3 4 6 7 8 10 11 12 13 14 15 16 18 19 23 25 26 27 29 30
721 1 3 4 6 7 8 9 10 11 12 15 16 18 19 22 23 25 26 27 30
722 2 3 4 7 8 9 11 12 13 15 16 17 18 19 21 22 23 26 27 30
723 1 3 4 7 8 10 11 12 13 15 16 17 18 19 22 23 25 26 27 30
724 3 4 5 6 7 8 9 10 11 12 15 16 18 19 20 21 23 24 26 30
725 2 3 4 5 6 7 8 9 11 12 14 15 16 18 19 23 26 27 28 30
726 3 4 5 7 8 10 11 12 14 15 16 17 18 19 23 26 27 28 29 30
727 3 4 6 7 8 11 14 15 16 17 18 19 22 23 24 25 26 28 29 30
728 3 4 7 8 10 11 12 15 16 17 18 19 20 22 23 24 26 27 29 30
731 1 3 4 6 7 8 10 11 12 15 16 17 18 19 21 22 23 26 27 30
732 1 3 4 5 6 7 8 10 11 14 15 16 17 18 19 20 23 26 27 30
733 1 3 4 5 6 7 8 11 12 13 15 16 17 18 19 20 23 26 27 30
735 3 4 5 7 8 9 11 12 14 15 16 17 18 19 20 23 26 28 29 30
736 3 4 5 6 7 8 10 11 12 15 16 17 18 19 21 22 23 26 27 30
737 2 3 4 5 6 7 8 11 12 13 15 16 18 19 20 23 26 28 29 30
738 2 3 4 6 7 8 11 12 15 16 17 18 19 22 23 24 26 27 28 30
739 2 3 4 6 7 8 11 12 15 16 17 18 19 22 23 24 26 27 28 30
740 3 4 6 7 8 11 12 13 15 16 17 18 19 20 21 22 23 26 27 30
741 2 3 4 6 7 8 11 12 14 15 16 17 18 19 22 23 24 26 27 30
742 2 4 5 6 8 9 10 11 12 14 15 16 18 19 21 23 24 25 26 30
743 3 4 5 7 8 10 11 12 13 15 16 18 19 23 25 26 27 28 29 30
744 3 4 5 6 7 8 10 11 12 14 15 16 18 19 22 23 26 27 28 30
745 3 4 6 7 8 10 11 12 15 16 18 19 20 22 23 25 26 27 28 30
747 2 3 4 6 7 8 11 12 13 15 16 17 18 19 21 23 26 27 28 30
748 3 4 6 8 10 11 13 14 15 16 17 18 19 22 23 24 26 27 28 30
749 1 3 4 7 8 11 12 13 14 15 16 17 18 19 20 23 24 25 26 30
750 3 4 5 6 7 8 11 12 14 15 16 17 18 19 22 23 24 26 27 30
751 2 3 4 6 7 8 11 12 15 16 17 18 19 22 23 24 25 26 27 30
752 4 6 8 9 11 15 16 18 19 20 21 22 23 24 25 26 27 28 29 30
753 2 3 4 7 8 10 11 12 13 15 16 17 18 19 21 22 23 26 27 30
754 2 3 4 7 8 9 11 12 13 15 16 17 18 19 22 23 26 27 28 30
755 2 3 4 6 7 8 11 12 13 14 15 16 17 18 19 22 23 26 27 30
757 2 3 4 6 7 8 11 12 15 16 17 18 19 20 22 23 24 26 27 30
758 3 4 7 8 10 11 12 13 15 16 17 18 19 21 22 23 26 27 28 30
759 1 2 3 4 7 8 10 11 12 15 16 17 18 19 22 23 26 27 29 30
763 3 4 7 8 11 12 13 15 16 18 19 20 21 23 24 26 27 28 29 30
764 3 4 5 7 8 10 11 12 14 15 16 18 19 20 21 22 23 26 27 30
765 3 4 5 7 8 11 12 13 14 15 16 18 19 20 22 23 24 26 27 30
767 2 3 4 6 7 8 9 11 12 15 16 17 18 19 20 22 23 26 27 30
768 1 4 5 6 7 8 11 12 13 15 16 18 19 21 23 26 27 28 29 30
769 1 3 4 5 7 8 9 11 14 15 16 17 18 19 23 24 26 27 28 30
771 1 2 3 4 6 7 8 11 12 15 16 17 18 19 21 22 23 26 28 30
772 1 3 4 5 7 8 9 11 12 13 14 15 16 18 19 22 23 24 26 30
773 3 4 5 7 8 10 11 14 15 17 18 19 22 23 24 25 26 27 28 30
775 1 2 3 4 6 7 8 11 14 15 16 18 19 21 23 24 26 28 29 30
776 1 4 5 7 8 10 11 13 15 16 17 18 19 21 23 24 25 26 29 30
779 2 3 4 7 8 10 11 12 13 15 16 17 18 19 22 23 26 27 28 30
780 2 3 4 7 8 10 11 12 13 15 16 17 18 19 22 23 25 26 27 30
781 1 3 4 7 8 11 12 13 14 15 16 17 18 19 20 21 23 26 27 30
783 2 3 4 6 7 8 9 11 12 15 16 17 18 19 22 23 25 26 27 30
784 2 3 4 5 7 8 11 12 14 15 16 17 18 19 22 23 25 26 27 30
785 2 3 4 6 7 8 10 11 12 14 15 16 18 19 21 23 24 26 29 30
786 3 4 5 6 7 8 9 10 11 13 15 16 18 19 22 23 25 26 29 30
787 1 3 4 5 7 8 10 11 12 15 16 17 18 19 23 24 26 28 29 30
788 2 3 4 5 7 8 10 11 12 14 15 16 18 19 22 23 25 26 27 30
789 2 3 4 7 8 9 11 12 15 16 17 18 19 20 22 23 26 27 29 30
790 1 3 4 5 6 7 8 11 12 15 16 18 19 22 23 24 26 27 28 30
791 3 4 6 7 8 9 11 12 13 15 16 18 19 22 23 24 26 27 28 30
792 3 4 6 7 8 11 12 15 16 17 18 19 20 22 23 24 26 27 28 30
794 2 3 4 7 8 11 12 13 15 16 17 18 19 21 23 24 26 27 28 30
795 1 2 3 4 5 6 7 8 9 11 13 15 16 18 19 21 23 26 27 30
796 1 2 3 4 5 7 8 9 11 12 15 16 17 18 19 23 26 27 29 30
799 1 3 4 6 7 8 9 10 11 12 13 15 16 18 19 20 23 26 27 30
800 2 3 4 7 8 10 11 12 13 15 16 17 18 19 22 23 26 27 29 30
801 3 4 7 8 10 11 12 14 15 16 17 18 19 20 22 23 24 26 27 30
803 1 2 3 4 6 7 8 11 12 13 15 16 17 18 19 23 24 26 28 30
804 1 3 4 7 8 9 10 11 12 13 15 16 18 19 20 23 25 26 27 30
805 1 2 3 4 6 7 8 10 11 15 16 18 19 20 21 22 23 25 26 30
807 1 2 3 4 7 8 11 13 14 15 16 18 19 23 24 25 26 28 29 30
808 1 3 4 6 7 8 9 10 11 13 15 16 17 18 19 20 22 23 26 30
809 1 3 4 5 7 8 9 11 12 15 16 18 19 20 21 23 24 26 27 30
811 3 4 6 7 8 11 12 15 16 18 19 20 22 23 24 25 26 27 29 30
812 2 3 4 6 7 8 11 13 14 15 16 18 19 22 23 24 25 26 27 30
813 1 2 3 4 5 6 7 8 11 12 15 16 17 18 19 22 23 26 27 30
814 2 3 4 5 7 8 9 11 12 14 15 16 18 19 23 24 26 27 29 30
815 3 4 5 7 8 9 11 15 16 18 19 20 21 23 24 25 26 28 29 30
816 1 3 4 5 7 8 11 13 14 15 16 18 19 22 23 24 25 26 29 30
818 3 4 5 7 8 10 11 12 13 15 16 17 18 19 20 23 24 26 27 30
819 2 3 4 7 8 9 11 12 13 15 16 17 18 19 21 22 23 26 27 30
822 1 2 3 4 8 10 11 12 13 15 16 17 18 19 20 21 23 26 29 30
823 2 3 4 5 6 7 8 9 11 12 13 15 16 18 19 22 23 26 27 30
824 3 4 6 7 8 11 12 13 15 16 17 18 19 21 23 24 25 26 27 30
826 1 2 3 4 6 7 8 9 11 15 16 17 18 19 21 22 23 25 26 30
827 2 4 8 9 10 11 12 13 15 16 17 18 19 20 23 26 27 28 29 30
828 2 3 4 5 6 7 8 11 14 15 16 17 18 19 23 25 26 27 29 30
829 2 3 4 6 7 8 9 10 11 12 15 16 19 20 21 22 23 25 26 30
830 2 3 4 7 8 10 11 12 15 16 17 18 19 22 23 24 25 26 27 30
831 1 4 8 9 10 11 13 14 15 16 18 19 20 22 23 24 26 28 29 30
832 1 2 3 4 6 8 9 11 12 13 14 15 16 18 19 23 24 26 27 30
833 2 3 4 7 8 9 11 12 13 14 15 16 17 18 19 22 23 26 27 30
835 3 4 6 7 8 9 10 11 12 13 15 16 18 19 20 23 25 26 29 30
836 3 4 6 7 8 11 12 13 14 15 16 17 18 19 22 23 25 26 27 30
837 2 3 4 6 7 8 11 12 13 14 15 16 18 19 21 22 23 26 27 30
838 3 4 7 8 9 10 11 12 14 15 16 18 19 21 22 23 25 26 27 30
839 3 4 7 8 9 10 11 12 14 15 16 18 19 22 23 24 26 27 29 30
840 2 3 4 5 8 11 13 14 15 16 17 18 19 23 24 25 26 27 29 30
842 2 3 4 5 6 7 8 9 10 11 15 16 18 19 20 21 23 25 26 30
843 2 3 4 6 7 8 10 11 12 14 15 16 18 19 21 23 25 26 27 30
844 2 3 4 6 7 8 9 11 12 15 16 17 18 19 22 23 26 27 29 30
845 1 2 3 4 5 8 10 11 12 15 16 17 18 19 21 22 23 24 26 30
846 2 3 4 5 7 8 10 11 12 15 16 17 18 19 21 22 23 26 27 30
847 1 3 4 6 7 8 9 11 12 14 15 16 18 19 20 22 23 26 27 30
848 1 2 3 4 7 8 9 11 12 14 15 16 17 18 19 22 23 26 27 30
850 2 3 4 5 7 8 11 12 13 15 16 18 19 22 23 24 25 26 29 30
851 2 3 4 7 8 11 12 13 15 16 17 18 19 22 23 24 26 27 28 30
852 1 2 3 4 7 8 9 11 12 13 15 16 17 18 19 22 23 26 27 30
854 3 4 6 7 8 11 12 14 15 16 17 18 19 21 22 23 24 26 27 30
855 1 3 4 5 7 8 10 11 15 16 18 19 21 22 23 24 26 28 29 30
856 1 2 3 4 7 8 11 12 15 16 17 18 19 20 22 23 25 26 27 30
857 1 3 4 6 7 8 11 12 13 15 16 18 19 23 25 26 27 28 29 30
858 3 4 7 8 9 11 12 15 16 18 19 20 21 22 23 24 26 27 28 30
859 2 3 4 6 7 8 9 11 12 13 14 15 16 18 19 23 26 27 28 30
860 2 3 4 7 8 10 11 12 13 15 16 17 18 19 21 22 23 26 27 30
861 1 3 4 7 8 11 12 15 16 17 18 19 20 22 23 24 26 27 28 30
862 1 2 3 4 5 7 8 10 11 12 13 14 15 16 18 19 22 23 26 30
863 1 4 5 7 8 9 10 11 12 13 14 15 16 19 21 23 24 25 26 28
864 1 2 3 4 5 7 8 10 11 12 13 15 19 20 21 23 24 26 27 30
865 2 3 4 5 7 8 10 11 15 16 18 19 20 21 23 26 27 28 29 30
867 2 3 4 7 8 10 11 12 15 16 17 18 19 22 23 24 25 26 27 30
868 1 3 4 7 8 10 11 12 14 15 16 17 18 19 20 23 26 27 29 30
869 1 2 3 4 7 8 11 12 15 16 17 18 19 22 23 24 26 27 29 30
870 1 3 4 7 8 11 12 14 15 16 18 19 20 21 23 26 27 28 29 30
871 1 3 4 7 8 9 11 12 15 16 17 18 19 20 22 23 24 26 27 30
872 2 3 4 5 7 8 11 12 13 15 16 17 18 19 22 23 24 26 27 30
873 1 2 3 4 6 8 9 10 11 13 15 16 18 19 20 23 24 26 29 30
874 2 3 4 7 8 9 11 12 15 16 17 18 19 20 22 23 24 26 28 30
875 2 3 4 6 7 8 11 12 14 15 16 17 18 19 22 23 26 27 28 30
876 1 3 4 5 6 7 8 11 12 14 15 16 18 19 21 22 23 24 26 30
879 1 3 4 7 8 9 10 11 12 13 14 15 16 17 18 19 23 26 28 30
880 2 3 4 5 6 7 8 10 11 12 15 16 17 18 19 22 23 26 27 30
881 2 3 4 7 8 9 11 12 13 15 16 17 18 19 22 23 25 26 27 30
882 2 3 4 6 7 8 11 12 13 14 15 16 17 18 19 22 23 26 27 30
883 2 3 4 6 8 9 10 11 14 15 16 17 18 19 22 23 24 26 28 30
884 2 3 4 7 8 11 12 13 14 15 16 18 19 21 22 23 25 26 29 30
886 2 3 4 5 6 7 8 11 12 15 16 18 19 20 21 23 25 26 27 30
887 3 4 7 8 9 10 11 12 14 15 16 17 18 19 23 24 26 27 29 30
888 1 2 3 4 6 7 8 11 12 15 16 17 18 19 22 23 25 26 27 30
889 1 2 3 4 6 7 8 9 11 12 13 15 16 18 19 23 26 27 28 30
890 1 2 3 4 6 7 8 11 12 15 16 17 18 19 22 23 25 26 27 30
891 1 2 3 4 5 7 8 10 11 13 14 15 16 17 18 19 20 23 26 30
892 2 3 4 7 8 10 11 12 14 15 16 17 18 19 22 23 26 27 28 30
893 3 4 6 7 8 11 12 13 15 16 17 18 19 22 23 25 26 27 28 30
894 2 3 4 6 7 8 11 12 15 16 17 18 19 22 23 25 26 27 29 30
895 1 3 4 7 8 10 11 12 15 16 18 19 20 22 23 24 26 27 28 30
896 3 4 5 7 8 9 11 12 13 14 15 16 18 19 22 23 24 26 27 30
897 1 3 4 5 7 8 9 10 11 13 15 16 18 19 22 23 26 27 28 30
899 2 3 4 6 7 8 9 11 12 15 16 17 18 19 22 23 26 27 28 30
900 2 3 4 5 6 7 8 9 11 15 16 18 19 20 21 23 24 26 27 30
901 3 4 5 7 8 11 12 15 16 18 19 21 22 23 24 25 26 27 28 30
902 3 4 6 7 8 10 11 12 13 15 16 18 19 22 23 25 26 27 29 30
903 2 3 4 6 7 8 11 12 13 15 16 17 18 19 22 23 26 27 29 30
904 1 3 4 5 6 7 8 10 11 12 14 15 16 18 19 22 23 26 27 30
905 3 4 7 8 9 11 12 14 15 16 18 19 21 23 24 25 26 27 28 30
906 4 5 6 8 9 10 11 13 15 16 18 19 21 22 23 24 25 26 28 30
907 2 3 4 7 8 9 11 12 15 16 17 18 19 20 22 23 24 26 27 30
908 1 2 3 4 8 11 12 13 15 16 18 19 20 21 23 25 26 28 29 30
909 4 5 6 8 9 11 12 14 15 16 18 19 20 22 23 24 26 27 29 30
911 3 4 5 7 8 10 11 12 15 16 17 18 19 20 23 24 25 26 27 30
912 2 3 4 6 7 8 10 11 15 16 18 19 21 23 24 25 26 28 29 30
913 1 2 3 4 7 8 11 12 14 15 16 17 18 19 20 23 26 27 29 30
914 2 3 4 5 6 7 8 11 12 13 15 16 18 19 20 21 23 26 28 30
915 2 3 4 7 8 11 12 13 14 15 16 17 18 19 22 23 26 28 29 30
918 2 3 4 5 7 8 11 12 13 15 16 18 19 20 23 24 26 27 28 30
919 1 2 3 4 7 8 10 11 12 15 16 18 19 22 23 24 25 26 27 30
921 3 4 5 6 7 8 9 10 11 15 16 17 18 19 23 24 25 26 29 30
922 2 3 4 7 8 11 12 14 15 16 17 18 19 20 22 23 25 26 27 30
923 1 2 3 4 5 8 9 11 12 14 15 16 18 19 21 23 24 26 27 30
924 1 2 3 4 5 6 7 8 11 12 15 16 18 19 23 25 26 27 28 30
925 3 4 7 8 9 11 12 15 16 17 18 19 22 23 24 25 26 27 28 30
926 1 3 4 6 7 8 9 11 12 13 14 15 16 17 18 19 23 26 29 30
927 2 3 4 5 7 8 11 12 13 15 16 17 18 19 22 23 24 26 27 30
928 2 3 4 6 7 8 11 12 15 16 18 19 21 22 23 25 26 27 29 30
929 1 2 3 4 5 7 8 11 12 13 15 16 18 19 20 23 26 28 29 30
931 2 3 4 7 8 11 12 15 16 17 18 19 20 21 22 23 24 26 27 30
932 2 3 4 7 8 9 11 12 15 16 18 19 20 22 23 24 26 27 28 30
933 2 3 4 7 8 9 10 11 12 14 15 16 18 19 20 21 23 26 29 30
935 2 3 4 7 8 9 11 12 15 16 17 18 19 22 23 24 25 26 27 30
936 2 3 4 5 7 8 9 11 12 15 16 18 19 21 22 23 24 26 29 30
937 2 3 4 7 8 11 12 13 15 16 17 18 19 21 22 23 25 26 27 30
938 1 2 3 4 6 7 8 11 15 16 18 19 21 22 23 24 26 28 29 30
939 1 2 3 4 6 7 8 10 11 12 14 15 16 17 18 19 20 23 26 30
940 2 3 4 5 7 8 9 11 12 13 15 16 17 18 19 22 23 26 27 30
943 1 3 4 7 8 11 12 15 16 17 18 19 20 21 22 23 26 27 28 30
944 1 3 4 6 7 8 11 12 14 15 16 17 18 19 22 23 25 26 27 30
946 3 4 5 7 8 10 11 12 13 15 16 18 19 20 23 24 25 26 27 30
947 3 4 7 8 10 11 12 13 14 15 16 18 19 22 23 26 27 28 29 30
948 2 3 4 5 7 8 9 11 12 15 16 17 18 19 20 22 23 26 27 30
950 3 4 6 7 8 9 10 11 12 15 16 17 18 19 23 25 26 27 29 30
951 2 3 4 6 7 8 11 12 14 15 16 17 18 19 22 23 26 27 29 30
953 1 3 4 5 7 8 9 10 11 12 15 16 18 19 20 22 23 26 27 30
954 1 3 4 5 7 8 9 11 13 15 16 17 18 19 22 23 24 26 27 30
955 2 4 5 6 8 9 11 14 15 16 17 18 19 23 24 25 26 28 29 30
957 1 3 4 5 7 8 11 12 15 16 17 18 19 21 22 23 25 26 29 30
958 3 4 6 7 8 10 11 12 15 16 17 19 20 21 22 23 26 27 28 30
959 1 2 3 4 7 8 9 11 12 13 15 16 18 19 20 22 23 26 27 30
960 1 3 4 7 8 9 10 11 12 13 15 16 18 19 20 23 24 26 29 30
961 1 2 3 4 7 8 11 12 15 16 17 18 19 21 22 23 26 27 28 30
962 1 3 4 5 6 8 9 10 11 15 16 17 18 19 21 22 23 26 29 30
963 1 2 3 4 6 8 10 11 13 15 16 17 18 19 20 21 23 24 26 30
964 3 4 6 7 8 9 11 12 13 15 16 18 19 23 24 25 26 27 29 30
965 3 4 7 8 10 11 12 15 16 17 18 19 22 23 24 25 26 27 28 30
966 1 3 4 7 8 9 10 11 12 15 16 17 18 19 20 21 23 26 27 30
967 1 3 4 7 8 9 11 12 15 16 18 19 22 23 24 25 26 27 28 30
968 3 4 7 8 9 10 11 12 14 15 16 17 18 19 20 23 24 26 28 30
970 1 2 4 6 7 8 10 11 13 15 16 18 19 21 23 24 26 28 29 30
971 3 4 5 7 8 9 11 12 15 16 18 19 21 22 23 24 26 27 29 30
972 1 3 4 5 7 8 10 11 12 13 14 15 16 18 19 23 26 27 29 30
974 1 3 4 7 8 11 12 14 15 16 17 18 19 20 22 23 25 26 27 30
975 2 3 4 7 8 9 11 12 13 15 16 17 18 19 22 23 24 26 27 30
976 1 3 4 5 6 7 8 10 11 13 14 15 16 18 19 20 22 23 26 30
977 2 3 4 5 7 8 9 11 12 13 15 16 17 18 19 22 23 26 27 30
978 2 3 4 6 7 8 11 12 13 15 16 18 19 22 23 25 26 28 29 30
979 2 3 4 7 8 9 11 12 15 16 18 19 20 21 22 23 26 27 29 30
980 1 2 3 4 5 6 8 11 12 15 16 17 18 19 20 21 23 24 26 30
982 2 3 4 7 8 11 14 15 16 18 19 21 22 23 24 25 26 27 28 30
983 4 5 6 8 9 10 11 13 14 15 16 17 18 19 21 22 23 25 26 30
984 2 3 4 5 6 7 8 11 13 15 16 18 19 20 23 24 26 27 29 30
985 1 3 4 5 7 8 11 12 13 15 16 18 19 20 22 23 26 27 29 30
986 2 3 4 5 7 8 9 11 12 14 15 16 17 18 19 20 23 26 29 30
987 2 3 4 6 7 8 11 12 15 16 18 19 20 21 22 23 26 27 29 30
989 3 4 5 6 7 8 9 11 12 15 16 17 18 19 20 21 23 24 26 30
990 3 4 6 7 8 9 10 11 12 14 15 16 18 19 22 23 26 27 28 30
991 3 4 6 7 8 10 11 12 15 16 18 19 20 21 22 23 24 26 27 30
992 3 4 7 8 9 10 11 12 15 16 17 18 19 21 23 24 25 26 27 30
993 3 4 7 8 9 10 11 12 15 16 17 18 19 23 25 26 27 28 29 30
995 3 4 6 7 8 10 11 12 15 16 18 19 20 21 22 23 26 27 28 30
996 1 3 4 5 7 8 9 11 12 13 15 16 17 18 19 22 23 26 27 30
997 1 2 3 4 6 7 8 11 12 15 16 17 18 19 22 23 26 27 28 30
998 3 4 6 7 8 9 11 12 15 16 17 18 19 22 23 25 26 27 28 30
999 3 4 5 8 9 11 12 13 15 16 18 19 20 22 23 25 26 27 29 30
1000 3 4 6 7 8 10 11 12 15 16 18 19 20 22 23 25 26 27 28 30
1002 3 4 5 7 8 9 10 11 12 15 16 17 18 19 22 23 26 27 28 30
1003 1 3 4 7 8 9 11 12 14 15 16 18 19 20 22 23 26 27 29 30
1004 1 3 4 5 7 8 11 12 14 15 16 17 18 19 22 23 26 27 28 30
1006 2 3 4 5 7 8 11 12 13 15 16 17 18 19 20 22 23 26 27 30
1007 3 4 7 8 9 11 12 14 15 16 17 18 19 22 23 25 26 27 29 30
1008 3 4 7 8 9 10 11 12 15 16 18 19 20 21 22 23 26 27 29 30
1009 2 3 4 7 8 9 11 12 15 16 17 18 19 21 22 23 25 26 27 30
1010 1 3 4 7 8 11 12 15 16 17 18 19 20 22 23 25 26 27 28 30
1011 3 4 7 8 11 12 13 14 15 16 17 18 19 22 23 24 26 27 28 30
1012 2 3 4 6 7 8 10 11 12 15 16 17 18 19 22 23 25 26 28 30
1014 1 3 4 6 7 8 10 11 12 15 16 18 19 22 23 24 26 27 28 30
1015 1 2 3 4 6 7 8 9 11 12 15 16 18 19 20 23 26 27 29 30
1016 1 3 4 5 7 8 11 12 14 15 16 18 19 22 23 24 26 27 29 30
1017 1 3 4 5 7 8 11 12 15 16 17 18 19 22 23 24 25 26 27 30
1018 2 3 4 7 8 9 11 12 13 15 16 18 19 20 21 23 24 26 28 30
1019 1 3 4 6 7 8 11 12 13 14 15 16 17 18 19 23 26 27 28 30
1020 1 3 4 6 7 8 9 11 15 16 17 18 19 21 23 25 26 28 29 30
1021 3 4 5 7 8 11 12 14 15 16 17 18 19 20 22 23 25 26 27 30
1022 3 4 5 7 8 11 12 13 15 16 17 18 19 20 22 23 25 26 27 30
1023 1 2 4 5 8 9 11 13 14 15 16 17 19 21 23 24 25 26 29 30
1024 2 3 4 5 6 7 8 10 11 15 16 18 19 20 23 25 26 27 28 30
1025 3 4 7 8 10 11 12 15 16 17 18 19 20 22 23 26 27 28 29 30
1026 3 4 5 8 11 12 13 14 15 16 18 19 21 22 23 24 25 26 27 30
1027 2 3 4 6 7 8 10 11 12 13 14 15 16 18 19 21 23 26 29 30
1028 3 4 5 7 8 9 11 12 14 15 16 18 19 21 23 24 26 27 28 30
1029 2 3 4 5 6 7 8 11 12 15 16 18 19 21 22 23 24 26 27 30
1030 3 4 5 6 7 8 9 11 12 13 15 16 18 19 21 22 23 26 27 30
1031 2 3 4 8 11 12 14 15 16 17 18 19 20 22 23 25 26 27 29 30
1032 1 2 3 4 7 8 10 11 12 15 16 18 19 21 23 24 26 27 29 30
1033 2 3 4 7 8 9 11 12 15 16 17 18 19 21 22 23 26 27 29 30
1034 3 4 6 7 8 9 10 11 12 13 15 16 18 19 20 22 23 26 28 30
1035 3 4 6 7 8 9 11 12 15 16 18 19 20 21 22 23 25 26 27 30
1036 2 3 4 7 8 10 11 12 15 16 17 18 19 21 22 23 26 27 28 30
1037 1 2 3 4 5 8 9 11 12 14 15 16 18 19 20 23 24 26 28 30
1038 3 4 5 7 8 9 11 12 14 15 16 18 19 22 23 24 26 27 29 30
1039 3 4 5 6 7 8 9 11 12 14 15 16 17 18 19 23 24 26 27 30
1040 3 4 5 6 7 8 9 11 12 15 16 17 18 19 22 23 26 27 29 30
1042 3 4 7 8 11 12 15 16 17 18 19 21 22 23 24 26 27 28 29 30
1043 1 3 4 6 7 8 9 11 12 13 15 17 19 20 23 24 25 26 29 30
1044 2 3 4 5 8 10 11 13 14 15 16 18 19 23 24 25 26 28 29 30
1045 1 3 4 7 8 10 11 12 13 14 15 16 17 18 19 22 23 26 27 30
1046 1 4 5 8 9 10 11 13 15 16 17 18 19 20 21 22 23 26 27 30
1047 1 3 4 5 6 7 8 10 11 13 15 16 18 19 21 23 26 28 29 30
1048 2 3 4 7 8 11 12 14 15 16 18 19 22 23 24 26 27 28 29 30
1049 3 4 5 6 7 8 11 12 15 16 17 18 19 22 23 26 27 28 29 30
1050 1 3 4 5 6 7 8 11 12 14 15 16 18 19 20 22 23 26 27 30
1051 2 3 4 5 7 8 11 12 14 15 16 17 18 19 20 22 23 26 27 30
1052 2 3 4 7 8 11 12 13 15 16 17 18 19 21 23 24 25 26 27 30
1053 2 3 4 5 6 7 8 11 12 14 15 16 18 19 21 22 23 25 26 30
1054 1 3 4 5 7 8 11 12 15 16 17 18 19 21 22 23 25 26 27 30
1056 1 3 4 6 7 8 11 12 15 16 18 19 21 22 23 24 25 26 27 30
1057 1 2 3 4 7 8 9 10 11 15 16 18 19 21 22 23 24 26 27 30
1058 1 3 4 6 7 8 9 10 11 12 14 15 16 17 18 19 23 26 28 30
1059 3 4 6 7 8 11 12 13 14 15 16 18 19 21 22 23 26 27 28 30
1060 1 3 4 5 7 8 11 12 13 15 16 17 18 19 21 22 23 26 27 30
1061 1 3 4 7 8 10 11 13 15 16 18 19 22 23 24 25 26 27 28 30
1062 2 3 4 6 8 10 11 12 13 15 16 17 18 19 20 23 26 27 29 30
1064 1 2 3 4 7 8 10 11 12 13 15 16 17 18 19 20 23 25 26 30
1065 1 3 4 5 7 8 11 12 13 14 15 16 18 19 20 21 23 26 27 30
1066 2 3 4 8 9 10 11 12 13 14 15 16 17 19 21 23 25 26 27 30
1069 2 3 4 6 7 8 9 10 11 12 15 16 18 19 22 23 26 27 29 30
1070 3 4 7 8 9 11 12 15 16 17 18 19 20 21 22 23 24 26 27 30
1071 3 4 5 7 8 11 12 13 14 15 16 18 19 20 23 24 26 27 28 30
1074 1 2 3 4 7 8 11 12 13 15 16 17 18 19 20 22 23 26 27 30
1075 2 3 4 5 6 7 8 9 10 11 12 15 16 17 18 19 23 26 28 30
1076 2 3 4 7 8 9 11 12 13 15 16 18 19 23 24 26 27 28 29 30
1077 1 2 3 4 6 7 8 11 12 15 16 18 19 23 24 26 27 28 29 30
1079 1 3 4 6 7 8 11 12 13 15 16 17 18 19 21 23 26 27 29 30
1080 1 2 3 4 5 7 8 10 11 13 15 16 17 18 19 21 23 25 26 30
1081 1 2 4 5 8 10 11 12 14 15 16 17 18 19 21 23 25 26 29 30
1082 1 3 4 7 8 11 12 15 16 17 18 19 21 22 23 26 27 28 29 30
1084 3 4 5 6 7 8 11 12 13 15 16 17 18 19 20 23 24 26 29 30
1085 3 4 7 8 10 11 12 14 15 16 17 18 19 21 23 24 26 27 29 30
1086 2 3 4 7 8 11 12 13 14 15 16 17 18 19 22 23 24 26 27 30
1088 3 4 7 8 11 12 13 15 16 17 18 19 20 21 22 23 26 27 28 30
1089 4 8 9 10 11 12 13 14 15 16 18 19 20 21 23 25 26 27 29 30
1090 1 2 3 4 6 7 8 10 11 12 15 16 18 19 22 23 24 26 27 30
1091 2 3 4 5 7 8 9 11 12 15 16 17 18 19 22 23 26 27 28 30
1092 1 3 4 7 8 10 11 12 13 15 16 18 19 20 21 22 23 26 27 30
1093 3 4 6 7 8 9 11 12 14 15 16 17 18 19 20 21 23 26 29 30
1094 1 3 4 7 8 9 10 11 12 13 15 16 17 18 19 22 23 26 27 30
1096 3 4 6 7 8 9 10 11 12 15 16 18 19 20 21 23 24 26 27 30
1097 1 3 4 7 8 9 11 12 15 16 17 18 19 20 21 23 25 26 27 30
1098 2 3 4 5 6 7 8 11 12 15 16 18 19 21 22 23 26 28 29 30
1099 3 4 6 7 8 11 12 13 15 16 17 18 19 21 22 23 26 27 28 30
1101 3 4 6 7 8 11 12 15 16 17 18 19 21 22 23 26 27 28 29 30
1102 1 3 4 7 8 11 12 13 15 16 17 18 19 20 23 26 27 28 29 30
1103 3 4 7 8 10 11 12 13 14 15 16 17 18 19 21 22 23 26 27 30
1105 3 4 5 6 7 8 9 11 12 15 16 18 19 20 22 23 26 27 28 30
1106 2 3 4 5 7 8 11 12 15 16 18 19 22 23 25 26 27 28 29 30
1107 3 4 5 7 8 11 12 15 16 18 19 21 22 23 25 26 27 28 29 30
1108 1 3 4 5 7 8 9 11 13 15 16 17 18 19 20 21 23 24 26 30
1109 2 3 4 6 7 8 9 11 12 15 16 17 18 19 22 23 26 27 29 30
1110 3 4 6 7 8 11 12 14 15 16 18 19 21 22 23 25 26 27 29 30
1111 3 4 7 8 10 11 12 14 15 16 18 19 20 21 23 24 25 26 27 30
1112 3 4 6 7 8 11 12 15 16 17 18 19 22 23 24 26 27 28 29 30
1113 1 2 3 4 5 6 7 8 9 11 12 15 16 18 19 23 24 26 27 30
1114 3 4 7 8 10 11 12 15 16 17 18 19 20 22 23 25 26 27 28 30
1116 1 2 4 6 8 10 11 12 15 16 18 19 20 22 23 24 26 27 28 30
1117 3 4 7 8 9 11 12 13 14 15 16 17 18 19 20 23 26 27 28 30
1118 2 3 4 7 8 9 10 11 12 14 15 16 18 19 22 23 24 26 27 30
1119 4 5 7 8 9 11 12 14 15 16 17 19 20 21 22 23 24 25 26 30
1120 3 4 7 8 11 12 14 15 16 17 18 19 20 23 24 25 26 27 29 30
1121 4 5 7 8 10 11 12 13 15 16 18 19 21 22 23 25 26 27 28 30
1122 3 4 6 7 8 9 10 11 12 15 16 18 19 20 22 23 26 27 28 30
1124 1 2 3 4 6 7 8 10 11 15 16 18 19 22 23 26 27 28 29 30
1125 3 4 7 8 11 12 13 14 15 16 17 18 19 22 23 26 27 28 29 30
1126 2 3 4 5 6 7 8 9 11 12 15 16 18 19 21 23 26 27 28 30
1128 2 4 6 8 10 11 12 13 15 17 19 20 21 22 23 24 26 27 28 30
1129 1 3 4 7 8 9 10 11 14 15 16 18 19 20 23 24 26 27 28 30
1130 1 3 4 5 7 8 11 12 15 16 17 18 19 21 23 24 26 27 28 30
1131 3 4 7 8 10 11 12 15 16 17 18 19 20 22 23 25 26 27 29 30
1133 2 3 4 5 7 8 11 12 13 15 16 17 18 19 22 23 25 26 27 30
1134 1 2 3 4 7 8 10 11 12 13 15 16 17 18 19 23 26 27 29 30
1135 2 3 4 6 7 8 9 11 12 15 16 18 19 21 23 24 25 26 28 30
1138 2 3 4 5 7 8 9 11 12 15 16 17 18 19 23 24 26 27 28 30
1139 3 4 7 8 10 11 12 15 16 18 19 21 22 23 24 25 26 27 29 30
1140 1 2 3 4 5 7 8 11 12 15 16 17 18 19 22 23 26 27 29 30
1141 3 4 5 7 8 9 11 12 15 16 18 19 21 22 23 24 26 28 29 30
1143 3 4 5 7 8 10 11 12 13 14 15 16 18 19 20 22 23 24 26 30
1144 1 3 4 7 8 11 12 13 14 15 16 18 19 21 22 23 26 27 28 30
1145 1 2 3 4 7 8 10 11 12 13 15 16 17 18 19 22 23 26 27 30
1146 3 4 6 7 8 11 12 15 16 17 18 19 21 22 23 25 26 27 29 30
1148 3 4 5 7 8 9 10 11 12 15 16 17 18 19 22 23 24 26 27 30
1149 2 3 4 5 7 8 11 12 14 15 16 17 18 19 21 22 23 26 27 30
1150 2 3 4 6 7 8 9 11 12 14 15 16 18 19 20 23 24 26 27 30
1151 2 3 4 7 8 9 11 12 13 15 16 17 18 19 21 22 23 26 27 30
1152 2 3 4 6 7 8 11 12 15 16 17 18 19 20 22 23 24 26 27 30
1154 2 3 4 7 8 11 12 13 15 16 17 18 19 22 23 25 26 27 29 30
1155 2 4 5 8 9 11 12 13 14 15 16 17 18 19 20 21 23 26 29 30
1156 2 3 4 5 7 8 11 13 14 15 16 18 19 21 23 24 26 27 29 30
1157 2 3 4 7 8 9 11 12 13 15 16 17 18 19 22 23 25 26 27 30
1159 1 2 3 4 5 7 8 9 11 13 15 16 17 18 19 21 23 26 29 30
1160 3 4 6 7 8 9 10 11 12 15 16 18 19 20 23 25 26 27 29 30
1161 3 4 5 6 7 8 9 11 14 15 16 17 18 19 21 23 24 26 27 30
1162 2 3 4 7 8 10 11 12 13 14 15 16 17 18 19 22 23 26 27 30
1165 3 4 7 8 10 11 12 13 14 15 16 18 19 20 21 22 23 25 26 30
1166 2 3 4 7 8 9 10 11 13 15 16 17 18 19 22 23 25 26 27 30
1167 1 2 3 4 5 8 11 13 15 16 17 18 19 20 23 24 25 26 27 30
1168 1 2 3 4 7 8 9 11 12 13 15 16 17 18 19 22 23 26 27 30
1169 3 4 7 8 10 11 12 15 16 17 18 19 22 23 24 26 27 28 29 30
1170 1 2 3 4 7 8 9 11 12 13 15 16 18 19 20 23 26 27 29 30
1171 2 3 4 5 6 7 8 10 11 13 15 16 18 19 20 23 26 27 28 30
1172 1 3 4 7 8 9 11 12 14 15 16 17 18 19 22 23 25 26 27 30
1173 1 2 3 4 5 6 8 9 11 13 15 16 17 18 19 23 25 26 28 30
1174 3 4 6 7 8 11 12 13 14 15 16 17 18 19 22 23 24 26 27 30
1175 1 3 4 7 8 11 12 14 15 16 17 18 19 20 22 23 25 26 27 30
1176 1 3 4 5 6 7 8 10 11 12 15 16 18 19 20 23 24 26 29 30
1177 2 3 4 6 7 8 11 12 13 15 16 17 18 19 20 22 23 26 27 30
1178 1 3 4 5 7 8 10 11 12 15 16 17 18 19 22 23 26 27 28 30
1179 2 3 4 6 7 8 9 11 12 13 15 16 17 18 19 22 23 26 27 30
1180 3 4 5 7 8 11 12 15 16 17 18 19 22 23 24 25 26 27 29 30
1181 1 3 4 6 8 9 11 14 15 16 17 18 19 21 22 23 26 27 29 30
1182 1 3 4 6 7 8 9 11 12 13 15 16 17 18 19 23 26 27 28 30
1183 2 3 4 7 8 10 11 12 15 16 17 18 19 21 23 25 26 27 29 30
1184 1 3 4 7 8 10 11 12 14 15 16 17 18 19 22 23 26 27 28 30
1185 1 2 3 4 5 8 9 11 12 14 15 16 18 19 21 22 23 26 27 30
1186 3 4 5 7 8 9 11 12 14 15 16 18 19 20 22 23 26 27 28 30
1187 3 4 5 7 8 10 11 14 15 16 18 19 20 21 23 26 27 28 29 30
1188 2 3 4 5 7 8 11 12 13 15 16 17 18 19 21 22 23 26 27 30
1189 1 3 4 5 6 8 9 12 13 14 15 17 19 21 22 23 24 26 27 29
1190 2 3 4 6 8 11 13 14 15 16 18 19 20 21 22 23 25 26 27 30
1192 2 3 4 7 8 9 11 12 13 15 16 17 18 19 21 22 23 26 27 30
1193 1 2 3 4 7 8 9 11 12 13 15 16 17 18 19 22 23 26 27 30
1194 1 3 4 7 8 9 11 12 14 15 16 18 19 20 22 23 25 26 29 30
1195 2 3 4 5 6 7 8 11 13 15 16 18 19 21 22 23 26 27 28 30
1197 2 3 4 6 7 8 11 12 14 15 16 17 18 19 21 22 23 26 27 30
1198 2 3 4 5 7 8 11 12 13 15 16 17 18 19 22 23 26 27 28 30

