9533887457513945
566957234821194319
166823379135311472
894338357427360329
28718166734411544
800769456077391676
70297956332413613
40082588781849751
575699426621643748
381952215722266869
133305657037159557
371206847013994965
131090365260983339
125196476068477327
259323213790516026
423937746746769451
260402579036849450
463988460415182199
798062632832781975
910070103450326363
843454989505495915
235262018669695409
463802178460296568
513969545638151683
461493094884776276
372554674418826281
198550081161632175
857668300155460537
780443151210304850
164622973077004180
16524370171895529
742082942353824065
888553091429759945
70539695130561993
375313177363387374
483691483255425997
398992926544506424
635918445485531218
185702383886127285
216370250394461504
51138398150478175
97116633306497229
395200348679767537
766812634534802016
759643302766409670
674508096908124397
235016860126000321
587976831548186115
758332982144460813
766915280150144938
472538445217535308
212045385401262813
272409471763428471
858253954097970373
311078478937568623
244335559624534279
308691993176523911
82163216497152294
257284318551831179
79670955718397481
258190768407362789
694038165283363841
805515698689866894
67602063539794615
578618322985507047
413665168131191191
145453464007839434
839421142671215825
240974867189184540
729703174239062927
415527678446018779
3227044932464518
610625726342485653
470545597803997519
823688431474132636
344761674241948176
563173863403746125
492093343816005545
588489545647400784
521735330061650730
815159789710695823
884171206678268776
260136941257610096
769982525583467475
609471170517107019
832656643917456387
265411079030850208
725243470120990739
828459497199515222
879891545848303744
346506647151942662
863279486314325783
514711574107000878
241263506997815768
70410013990457543
619179460664411381
808005123486936140
59257658772539063
260946049159306687
412054122964728812
372564391861612903
278950760549679988
635516876034010471
879034364027863679
701353781658261129
238819569667867225
458439588742675201
146202888762583981
14312280473561059
410431257830976115
31482131268311942
286464103503529060
210916236203667718
194375852339086568
253061168394978093
590373439715042486
771824337990102999
824692897678596401
751887340745635972
130324748189179769
807209509488497440
259109327817351046
242653784588480013
22297374464533315
740685136785419628
383877179720200889
336336079546507143
714593393564968449
854007189768684858
44089028607548271
410283272368332023
331121790512719791
439369249946972601
676639306234420176
449594374402700608
851645475287270314
608147545468010992
614887994604231245
717356746940074376
569679681530042014
49233423532576152
523943628919021096
678232865137634358
803116619171067570
667023817123768709
680440598678371159
366506837810392597
397084786356800692
899504459678337318
387265608581255505
253158900047632259
634732778293150683
633757792599092243
100857206619065641
513289538308466165
434825802061704058
424412607712103710
408653378115365496
758769776722221540
455838358903742213
876984101364021835
374502734293202886
699409111413569005
609999624788135965
614909922829320834
170087260788371373
826602574248577909
629380808973809822
217838302068084308
100506705243291156
368167923723981267
196445846969761418
131851756745139999
120494204124164228
509193165368486734
231926168001460198
329447015699144917
439036500123963619
593851895406795581
763296498417905363
132834794393146368
615228651681997690
823704702815134236
491039989498623655
791516809743250012
279100440747664939
349576348507892882
400392796990682867
364450005411097131
411647242737957069
501904698080124582
334755987629580354
540599434242211624
546083691352364691
285900229264474800
632645472892758965
129859690202416623
538947524179872369
755876407972504780
850553717048509739
804160947421632378
142547701855937945
360787272537045273
272526004378643247
733148481732090606
611849272696694668
716359213846143417
637299543324515269
756083581396200107
706139796391058589
687501870576467641
731805855799063948
23954867376882290
826831205909451212
107571490288759759
907486711026798289
110478028364971020
31338373316308316
548301402195403856
887969248790035408
248454681806247407
349929553345700749
461916591278350661
59156029001848508
728027018608857394
527943812193493609
239528759165048103
213251212227631134
47644278334337156
572450561401691012
105231668018113010
718435015798620931
148042420188371611
10101421101416271
336280382119298990
833568259694607253
553797606085974065
487674245864597550
619178034968027814
581133569939667786
551761072503634594
572673488593255135
385556263786600920
512441639563338432
661538284900323276
389549370892661381
20784463580013981
655348188048843035
389013096860859077
386301986044208033
90942355966939036
277787572296677428
848845670796541199
415290352613792149
852524700716473675
878306612205361081
518327131668139552
132473991939205569
5948578603743600
406211907770576682
220174069193120523
736493258903917293
258614328282226486
517111600326053063
51185796122278134
102758803094347167
169615156016561024
765035855231775211
365734909701189558
471653115896274620
879802970295852734
322683697320536259
392542574689785747
338185370505856952
185068022727626147
858917251335978727
881706175878110846
392403445163408777
39748406496773617
411770487322747955
22681919436463881
391659312648697110
562599290214312573
784347164585568247
184519551460281233
540563226016469508
912971686084777761
322839491339652582
567753000607283816
346898043449425008
292210476049588291
216764077149292676
818113139846349317
673156516608906047
656810547412952726
97208830226880028
250280957909891899
434269982864564817
235637028565319198
439191382060350337
756804992772406384
243063377862230410
548142019738514863
578373448610919266
825783119219430138
480880655039414646
484255253099066734
596159614507649724
312480910583341504
93983223630753945
825631464350460320
211441557411200264
315015922911167608
852241411500873968
35951178512330502
30962192038898305
344370735025728427
20012987138619243
642261929291399834
426813779809542307
24881190971239829
509933711616129988
314109989748740306
787435152034241410
795811281117708550
759365465562089306
270825605270890756
204240921892821853
549596577672339662
523404311808777207
204787511486189843
860055030623290813
601497946047477215
782397520424962555
549401605496561100
100693359442205159
766905140507793698
317455327381422937
262003882200603750
396849592550443
647021173334974054
32492482485171940
407136713334674461
390787035006520675
329434966984550066
796198646844842738
102312332454251957
320715256939969941
667902840972912433
597429168093432915
672340690266704359
274572123114615625
888473253582517215
293848611982472470
82121831557565063
279335607383209571
129225648170187052
33806756416310654
649843185267319618
194302789793004995
710234840764823190
869329596338141476
700118390683995831
103162677579984590
73905822612210333
329436362885139253
875324363397584202
643854253236037676
317570749631799413
78637822478859484
152768265977073427
595836148454388061
831498372660179953
188478575889273282
696197031664483110
535779133280315555
680610294216826538
829111589111725736
301923963618562268
755213522664274989
701059837656922178
82984517050898973
862936270490907038
849622494805880434
619224492747073762
668052305874883212
652542813458511448
815083887253438636
301685411501754521
564109536948049460
246270627604574332
785684151870211808
559619618947059352
276473918974822508
666673562825159366
127806741195840325
336499742404810109
476832352613760227
62007752747985111
857364342355031339
894227887990729982
865647047431739308
450516638171697211
508125579682406207
257639816875131915
825787175306982929
853498269512682557
776055881148138047
380327452937487150
256994759498562985
180760401015076227
316120628327971548
328892961776150103
57137337140691486
49319819334229547
308622579484009630
673925781659167067
439602742257925522
61775990215985624
731515617555184767
826559619894729606
796105242193955764
144102234465471455
789906619596529393
244008526400284584
96916486123265737
477651558120374022
37849703793273169
698743315586360596
535423570844881852
650914024430953220
603628626155521194
877613250162261994
59709779485204190
260921840635584336
607903540966449677
288056495108091259
133917487431279154
655144187696090516
567998222424322326
775525178651707383
630413845052134444
639220376340436446
803579262150345981
696471772566685241
668490543614427990
734457566532917550
430790528974724305
207371552334760966
425099207820807267
843019744629978865
568118203196766842
636897423813207252
638566022180492435
619970595968775934
543043040938666839
800129235284542925
632912246555019981
538206319006375154
50584530823135868
348528857694278622
810513028243322971
269471230394967568
74276146824044329
509870213266324009
618578642296627120
389221979117985468
765018996663771967
355305134042901136
266674025555630505
67478262402953830
451517997782729141
333062079750219774
897220400381868099
843429292902968228
329486010361009458
815063255868090160
418573868407739474
862240158707653152
728774426503198027
123114823810302437
445832069653429756
429219844446790862
28291369317639924
781923275733382737
692632531354148757
912296280172476767
580302774294819185
724217614567524289
767596723114854361
19810170616050532
708063305084483082
722665715666757824
545060419593755807
849594343680706455
601320706529404350
397603884359038272
801370852651538759
253294788657723906
561633042387820320
815546099928471687
607107781546699090
878282401310655815
527242438504418832
317489707154799555
231314813530306159
921891796521156556
875554289014043748
715631331106277127
852348287085870984
874384559195999161
819752270187728631
129523504916802523
657488318738684693
557304796145846148
145715214800767787
237811167337331645
807972513315464605
494434411512908069
257930199113101370
907881882325263816
823871054641692185
783799438354738268
544555625899650797
68042340905029735
307596975408839224
551828119406116985
19588908993100570
109524366428003986
1466395660739379
836846516350051043
359422574428235199
679610305542608274
393333791116987666
756297657103867040
332903320220868504
183589389999160233
916918405436174305
723303635528624787
772963298866482686
299825893986169241
840040701772273786
777652892365227932
411722628915130230
805314928478422849
113918140806643971
14869671078647094
253367095377724050
756016054888575639
617091205542588893
414575060673247610
396716552537782612
70041761476442791
571904783596453240
488740996439227919
507815088292805023
825549061582175561
284098653368090032
476416734731338927
791880512082066008
417111175354281944
575544934760699213
582691485935158679
819646008175643952
396948079358968190
104289411274664518
501008787514016454
532343527756085117
885652921519977299
734720675658786321
877540343958279795
117550349144419695
427704816336086452
870513210725500382
482216770694274228
203213160881221632
664296774388601464
94880188017160303
225900033745421599
671824601591959655
850926154355584075
630024300185577837
398788748185088733
703744524203088420
831556801958999128
864015327139860348
854155575047404364
611817668384268047
416154624853199898
355130993991537183
12138821131107054
462234863261641378
316874801499828012
464861832825888051
615621951473883004
912831402241420793
411564600931131122
686231575051001317
509095451270731941
276034759014010648
890969325492992823
519934494017913931
313264746202497200
100284590427642744
881489952541678665
438347426014375934
716384644171780193
586102599610113760
669400608056389862
866175341102027681
663246882934726228
209764568120485107
313031427798250957
298845829083158233
845886340665606513
588911202195479751
785366509574925303
529291989403635770
641362353183929040
78476799417581293
780414711720958208
888730045795070172
458268521250853261
628215442590119510
554172212784727397
233872842268244755
889690910770272745
686141517284509891
603733590067993596
306136338934220900
207545956473117200
482841589654353457
102196241562209191
530562051704221813
627598444058999391
249180143447782524
113563163194300621
31051622604193343
4265850746672059
423262254349413089
250073301196384770
241070195282592194
482606459616419308
366676463678773545
754832423987127824
480546023670316211
779671808564282051
565453176870736916
493494538820778062
459331349551275149
785281755031752790
429907754049406187
811639565350870075
836345250002157241
688461378426194931
115682623731728648
686055336900288225
75231835485217356
483263227414280380
270084831939754340
423664836978876087
666102317748750500
878656209393247883
895991538276711895
276638916227646354
74457067460760365
718452651842761773
159897363965624062
243430719054653580
33902777967819843
112651671124269366
182064108750107713
706270393064915089
15098484500072990
33597629538139143
158695424231886820
40610013007035515
817684291459399055
580166979639003169
446003641515940532
852845415345765453
919427945776656984
453476778811844348
274700531612836380
740693189307635553
87051092942038102
24036225158636468
79564768599544722
697889536984903272
216560708769097358
917000212416569015
902882943691859078
219652326170528226
157934045501095212
402471671982154856
377882302681661943
217284708578198694
141988723988383585
679831078521629612
456583785114611601
406126385847450860
676403205739876807
428731276206270881
765083686785924560
591223120485137856
23336762664452891
399473185599416274
852653822896984969
587266582871594746
118493025431981876
456931331076049245
301878620298588017
825979567937166445
123325668229588915
638158153916316965
313522002417678333
744899421716415030
603974505761108421
277907284561333660
580363483870041831
533177809546361330
114929385460447817
256776445480239246
132378637177058214
528686456035193738
328260468237400122
633367335485789272
308505887961402110
789274202576350879
887549807229674002
239503302944826583
262479945511766941
81726600695105101
443358740818646146
86489098856106759
599144442286957737
377635665919325506
230883610623509132
205398523102026834
183591705950943333
219385716475526946
34838376783945470
359082688697146611
402066326288389351
136528654945840294
162752333394389576
598292123448129652
502096309777549276
193822098927382160
397811070492735917
578729500967420320
512025992475549385
837783617418470738
2360339671531876
557778263906822303
707234943323224858
351175920799394172
733958536903483755
597634312122721481
646841291299836872
690427050180691407
226811287318456470
335264645844838926
518069999696442678
609189658109895132
330440417454819264
185254260468897791
582748256119714764
286411406047172379
481430171385515820
824048451238535482
121595846753291801
816683852510591493
482254279553738940
529961597337488039
473962441180619783
440179839085041034
324061920635749291
157113809162753195
83639627896216477
701159069699753325
350409254608250268
505037419867034736
543097281136801935
568279339941251526
658109724586642680
155135689398142521
643741944343265538
814680676159192878
489413818827411485
252079103057252107
108666016287819006
530881981955728113
680162948987994228
540678621281805744
44933160982716355
623308568347066362
858701436114080801
351151618346746545
48759686534198418
240091501310519084
243676675983106618
14712041466859182
17167633996249565
359569813412894939
666692012304666783
496134461646678195
702583480193091271
401463641336194999
209876232058403267
13493760961362789
238959796388621887
817261984644837827
713553538110273590
219562917948828529
129887113518101223
825890570894578587
64039310881454274
782634128744879982
801603992140349057
197343754135829015
591755299601470427
249259741076360621
456801749527863311
864948581560367094
822277951375494698
281000399120293346
401449264736453535
253867346797123436
794467361551619925
601192288580460193
340391148181699422
184655694852237038
429385262740506315
237932909194331090
123011119128000236
629061517387700615
520366019577517388
74012461277872462
73029163841304177
225420890050483722
810127090092212366
150810241113120388
528079800414618129
732952330106476240
470292990979806197
702262522719263461
733071919238181472
543368819647764417
181601412147536960
763984404208289846
434478777410958126
194124871613483327
766680692645708806
502891586214083731
628952022634986801
610049031690904557
97752141876839995
94724302703202275
791689550101299008
670394514242404614
222687008250358683
193154683865044842
320433907122659800
335968479453593339
328684918385247909
233475530294184336
713155790010950373
521655473390246524
124119105807293520
279937206071817190
613161542220053163
813717346068282573
704936846570830543
163913115162207024
78267334920864369
575889026260835901
181910045283296408
893158658193984804
891559486481386779
242134467863044760
524323420900775452
580997901836943835
903865849508264319
669198793688324908
663330475977733234
199304046550143610
720277775332103408
173762439637563553
367272860535005161
503910999012733862
201871337265604042
655037039925102338
582213026980791929
37269181041127558
180513237154725449
594135842433961102
583650054058832373
182645719398332868
222899866541559498
526161631583623648
461824602327361970
386548206836535932
383073294198470676
617203222745157049
260002005167942134
60677158798626045
22938521802894632
77280364803710917
86078104625390507
620574360829341948
834392665232436450
808870938628658099
378190853050755076
322503226203901439
190854225325656848
23528692442364534
81525722728595290
298415769704393371
667311015881520805
41114981835741138
342183287921770448
596243158331169815
718518031789308549
86619733498939009
747726668128708377
453693540010436189
181323703257267434
671442556394471444
628454477222938037
394443324232723368
784020075606354045
166073856628179203
685708193542247393
151751089460707268
506326847967196171
812617606148817817
589048763275223808
359109430715584486
886403726057559794
684347074406386387
593600142549238913
293432731091245330
454578942397854674
202831318840137051
680223602608022745
836053846504994468
849111914531667587
823090876522412572
716582810692614819
218419611711586255
467361763119288272
547325390620864975
574183767691360863
833942304294394658
314763479587615621
910914050279233839
140320760718229332
55705143223792611
434413315661104014
590393523794328684
642294426219553057
276339027736463784
859919242673870274
799661458399437726
405961477118802515
772989443393300757
380325677423573212
321982853265085131
463394837065612981
283311496679037365
821029157104146560
778125394543092557
175412949016958184
558768214302407504
167324885737547021
180721406435018496
184120472902982046
732254230145100136
423575893206975062
876040941781082784
233696984176140109
243456696892593369
65597373203189531
689398310559547418
193236997643967997
161492402123454646
207331488449845923
862221348628716099
138499430463433433
664450499175228020
602018742421268471
92224656192689221
867633115942681193
359681762288725658
282633697822143373
204878875384269170
611579206587646896
788276440450496540
334822272994762020

