166808 0.5734677689944437
170532 0.6748218607561568
199338 0.19538694408532065
102031 0.24969654911490635
129422 0.4745379650453543
118306 0.16794504081444406
113479 0.29224411001694717
109260 0.12167188970646681
196380 0.8364579377583369
155151 0.6993109104117962
111349 0.8447283308153466
113484 0.39368400821652527
166534 0.35484407275070484
134146 0.272495012626076
197852 0.5412936303122535
181751 0.47619321066599796
175952 0.21731365149034976
196858 0.1860502975168843
148339 0.6115497648126729
167425 0.8792555401582769
176988 0.10133656021421189
152788 0.6473779237287225
171845 0.19203585205277196
138419 0.709301762864891
180195 0.5141314322010884
116159 0.07799445156206986
124707 0.1564796446847595
138481 0.6743165507747189
147354 0.9320976590552154
148564 0.7352735473931107
149683 0.5552686551707897
101599 0.5592740665463528
131435 0.29652178197679346
133611 0.5558493578802894
184637 0.7781933009107509
125093 0.3682337510807566
131062 0.9885240783662971
100176 0.11685488473678274
143894 0.1299962417307613
120571 0.9629103790651861
107755 0.6044567639437235
115740 0.18510131937459706
166355 0.5346021164460912
197190 0.9553176066175197
107886 0.7701445092711714
123432 0.21262878673589414
198164 0.9527109468458407
177736 0.7141225768978301
130704 0.12725933954635016
133636 0.18059644831178068
161683 0.9971919520901342
117983 0.7349021367517617
114957 0.17840904376594957
151278 0.5924244465947365
125487 0.396764579896111
171436 0.9021899601649596
125422 0.24173203690662104
126117 0.9810232824873096
159073 0.9230260529994305
116188 0.6690555710795507
131043 0.6153421972469733
160772 0.6927922685069433
167395 0.23808292816593246
195020 0.21534570471850412
134693 0.6331494760822335
184116 0.7211587416621053
124800 0.7158417716940243
116974 0.7704016769028366
173391 0.4745538995152365
180674 0.12245832565177839
150628 0.5622659567046171
139024 0.5361771133301
172321 0.9113156092286975
199063 0.8039951167115575
116296 0.7283350894160991
195813 0.7927257490962268
119768 0.09745392934664943
189293 0.8346124961133938
177762 0.9406557988121448
165316 0.5648932528507061
150516 0.6661131559637901
106663 0.6078741373073518
165392 0.2321397867831997
128820 0.665985473886122
199566 0.8466162881439998
185025 0.26219120167422005
196519 0.24924316722864726
140786 0.48483374017049197
169148 0.7829494329187072
177039 0.41551136761508267
159332 0.2501736617791943
148946 0.7550418926721021
156428 0.37109287589140505
124777 0.04844841151107737
191542 0.5443220255952825
198729 0.9316625501092441
143170 0.558228950787879
152811 0.9223023941037122
195502 0.40793687501318965
184052 0.12787064842053997
