67566
54154
21230
91662
72686
91415
64466
46600
62116
36628
22446
54573
25820
66368
13402
54758
72612
59917
98775
62643
86335
18764
66640
17153
19578
34936
79419
68007
59766
89820
53087
39203
23332
72353
19952
13612
38447
74647
1013
45331
14610
64671
4011
51227
73162
31508
31138
41042
79110
45876
32037
35403
31356
15854
42647
86202
87061
12842
24537
8587
71464
51055
13000
39359
21989
60821
78147
19588
50503
44392
7210
44079
33484
67125
35106
71225
97313
85268
39317
63923
61718
6642
13430
83432
8658
42586
68802
72462
7263
91328
98050
76487
2405
20682
74125
71162
44757
78747
19274
39881
84411
39932
37587
83184
69655
93449
51798
68793
60357
86710
11061
66430
64088
73916
66349
22908
73349
41572
78675
5904
27867
72495
53850
54833
27249
9280
45042
85321
87384
64102
20522
67697
1584
10409
9494
9320
27606
31920
83339
73520
2298
48941
24263
91878
33422
60902
35247
26780
63771
80225
7728
63284
12622
92683
87238
6363
98800
21509
46267
50143
62995
84779
88295
63407
6055
27970
1974
80558
7693
10462
3815
32371
37859
94093
52848
68735
78078
707
71519
65212
30838
60899
60507
75567
34107
20903
74762
89338
35109
38541
65868
78353
33545
5054
8196
90230
63623
4891
12278
35187
84832
53606
64811
76756
83814
36714
22194
40318
35371
34505
81154
32016
35259
38624
91930
852
61222
37144
15049
34818
93557
97932
64617
49522
382
58258
78629
74107
12595
21896
97372
78733
23892
57533
41502
23784
82565
57529
83123
89942
7770
29641
96091
80652
5390
86347
62704
20984
85107
48722
21255
16455
91972
87606
56150
15222
68695
36668
84303
45939
22446
60446
25898
85680
51596
41366
61634
69858
7204
23852
31797
3356
7405
33050
72751
31747
15795
55192
37760
91086
72487
68264
16393
28829
34966
37280
51127
48850
78614
67472
89830
55184
93149
62575
29606
53966
43116
47367
33467
2104
59049
84025
99134
66883
89098
16238
45089
41131
26445
62107
28016
59947
90149
64335
63923
90999
18126
5757
92752
81945
88194
24193
22285
53255
18756
45649
65235
5022
52601
17377
16366
18493
83126
37427
16945
17312
38869
26649
6710
70198
57089
72520
40547
59682
24145
90043
66632
62379
22962
67553
41829
81408
39388
91492
21033
30028
26246
61015
94101
5745
58390
85467
14238
16741
8848
526
73713
41958
18256
46960
98449
2330
89555
14163
55741
53671
86479
639
69965
12748
6052
44448
18586
96858
63338
47181
63933
34611
27689
5685
21199
34141
32039
63175
42448
40963
24987
62974
28868
34249
82369
7911
90423
27049
74407
14833
80161
80815
34756
50992
29861
22829
60712
87310
10387
36316
48527
32207
75278
2064
96719
14399
1063
50550
9456
59194
48392
95212
96187
5143
14797
79357
907
43666
34956
70233
12704
73205
42741
80077
26483
61922
37877
8195
74756
50016
19861
6361
31887
21503
93759
29782
92925
70121
5024
47119
33014
71527
25673
69493
46484
42190
33839
48184
38450
2596
50451
93948
74820
20883
99388
93110
88225
35592
76224
86307
93466
1064
46210
33445
89262
48209
71221
27131
45142
60328
20638
84636
30364
66916
14647
79824
4489
74837
75728
68555
70427
49650
25201
89511
98133
66559
64570
77980
35760
56119
64683
68767
27728
74460
39647
84277
77745
12408
33331
47442
29824
19022
12517
74898
64230
34
94679
18898
28159
5058
60819
41260
9289
87664
64713
74766
1656
96813
2259
4758
41798
39235
86489
31308
85608
74639
38064
65468
11963
10537
54686
93262
42909
81
82617
34084
51609
16184
13709
40911
91226
40232
40252
15054
97184
24977
64639
35525
81424
30097
25611
60310
23878
99871
71503
39806
14502
40789
62362
38606
12369
98359
75705
54916
17714
83492
8286
48966
88535
64824
95068
22395
54877
9371
70959
37318
43429
92810
76280
3935
20931
88992
74246
67664
41461
17856
11185
23209
34032
94146
75775
14592
83701
92856
3145
20425
18083
96571
63416
61293
91430
43767
77833
89930
93550
37007
27472
2055
14010
92591
42968
95474
84211
27532
31080
32824
67925
8954
79905
33313
63144
13866
1861
50821
98157
73085
3346
4271
12148
86314
99115
17836
47786
37864
52663
7504
9743
63737
96131
88006
29414
76691
67394
86641
91269
62347
4181
22499
4460
39296
18886
36985
3379
46818
24718
87378
28860
36317
44503
96587
70408
88486
43963
5912
97893
6592
67659
65344
4837
38891
98540
57622
16362
24523
15227
16687
72381
87792
11697
34693
32382
96103
95650
9703
34581
58524
78687
40794
53447
20426
64380
80241
11716
17025
27308
83492
42269
96947
56744
59216
35156
8923
17550
84523
49644
37578
82374
93570
92158
65967
80864
83857
60173
21923
27993
81662
48530
89102
38525
87762
22417
48857
87046
70229
73580
95473
5794
49509
98358
25364
9139
89426
42271
81692
70736
39930
15150
78885
98536
29596
83310
80605
37510
97147
8959
85031
77809
97777
96909
15755
66347
33453
50430
7262
66937
35434
79428
30729
353
74158
81042
81176
12303
84892
68556
33634
97075
54742
15831
96816
43460
59282
52047
35020
73160
57943
41751
97000
47787
15797
91659
18375
57164
44639
54130
93644
31000
44582
81135
92349
63470
32915
34327
68275
32193
61376
14269
74593
49628
62611
76840
11551
68671
23384
74950
62994
35336
42235
96538
33721
62445
85599
54256
37238
59430
29053
63858
32888
78983
94556
49459
66881
44331
22569
35880
17369
1580
21139
28950
28494
44815
96646
13735
18597
64605
51490
67479
49122
66539
20504
66922
70895
35675
97409
51968
82861
10523
44954
47296
64789
20172
61023
70546
54217
51549
93539
85449
52797
31221
88649
44349
64123
68624
21827
50807
22263
80385
8900
45829
47631
77109
1540
82829
90270
57208
14992
79263
54303
29009
95307
41603
47416
80840
49669
24945
53450
42696
98805
735
99123
59904
22294
92597
12830
43203
68220
82332
35240
25487
27602
91253
92432
70539
43634
73351
12922
61833
23040
97264
11519
58315
82979
97468
99381
31810
69728
7283
7095
66129
42772
29837
3921
45584
23790
82273
19978
95660
81672
85851
40845
73100
17888
9611
72918
20911
54871
47898
74358
6833
14245
32824
19683
81644
65014
13425
92031
90491
57189
26558
85763
11386
95796
87511
22345
60809
76421
57830
79539
7376
13656
96599
74202
61724
13122
75147
51958
13478
46342
6668
75719
42869
70450
1051
65790
53722
37113
325
62316
70074
3944
30740
31204
93640
77831
