Mickiewicz Patryk 74917598802  1833 2646 4613 3683 2459 1842 1383 4530 2628 1299 4344 2372 
Jaruzelski Ryszard 62811926449  2330 4429 1014 3114 2145 4433 3880 3928 3784 2771 1112 1217 
Hołdys Olaf 43716438765  2421 3805 2204 3001 4694 4872 2001 1019 1033 3163 3456 1110 
Jaruzelski Grzegorz 17065744974  4720 3563 3492 1966 1541 4307 2607 4250 1582 1768 3419 1057 
Lubuski Patryk 46390200991  3365 4977 3001 1324 3480 1584 3636 4381 1809 3563 3271 2678 
Adamowicz Olaf 85276915656  4634 4033 1822 3149 4566 4173 4047 1933 2433 4452 3855 4399 
Lewandowski Ryszard 58218724324  3022 4075 2007 3614 1128 1179 2621 1553 2419 2717 3318 1494 
Szary Józef 85177814189  4303 2581 2492 1252 3214 3165 4345 4791 1100 4831 1415 1755 
Lewandowski Wacław 26703045262  1347 3528 3697 4202 3386 4777 4897 4241 4779 1364 1662 1179 
Opania Łucjan 10214776577  2572 4289 4695 1564 2578 4738 1896 3087 4054 2546 4242 4488 
Lewandowski Stanisław 32440061319  3155 1671 4422 2006 3070 1164 3434 3102 1493 3528 2148 4305 
Fedorowicz Krzysztof 24522880753  3254 3948 2686 2925 4640 3552 1742 2786 2967 4116 3621 4328 
Opania Mariusz 55827356233  1459 1352 4587 3407 1813 2602 2389 2426 3399 4489 4266 1446 
Kowalski Mariusz 83334719890  3713 3884 1348 3526 2811 4497 4470 4227 4663 3462 4538 2277 
Englert Adam 55858059374  4509 3325 2805 1407 2400 1383 2482 4960 4840 1874 3330 4141 
Bartnik Tycjan 85355770693  2077 2315 2834 2176 1384 4512 4531 4996 1964 1822 1434 3794 
Englert Stanisław 33943524742  1519 2638 1145 2974 3457 4650 4478 1638 2721 3460 2158 4950 
Karwin Sylwester 30579207618  2760 1080 4081 4047 3629 3079 3164 3052 3187 3255 4392 3219 
Igański Radosław 78833943938  2659 3824 3302 1053 2155 3790 2314 1665 3786 1775 3996 3288 
Karwin Sylwester 27287718770  1778 2572 3409 3176 1799 3609 4782 2795 1607 3572 4966 3836 
Lubuski Krzysztof 81094969043  4490 1743 4187 4990 3409 4130 3974 4086 4418 1069 2833 2969 
Nowak Adam 63428227164  1037 1693 1074 3745 4696 4241 1197 1858 3782 3147 1120 2369 
Hołdys Zygmunt 83385480781  3832 3926 4010 1251 3874 2766 3891 3323 2011 1103 1930 3033 
Hołdys Piotr 26343676698  3334 3269 2896 1495 1418 4504 4353 4901 1223 1254 3873 3206 
Szary Edmund 61937636428  1758 3098 1355 1455 2265 4800 3069 4323 2779 2788 3769 2504 
Surma Mariusz 47032393849  3192 4987 3110 2469 1643 4290 2292 2533 3288 2003 3015 1774 
Kapusta Edmund 33074522114  2165 4944 2922 1859 4841 1596 4667 1682 2647 2035 2079 4809 
Kapusta Krzysztof 88330510318  3675 1596 4870 2230 1685 4440 3736 1145 1261 2621 2568 4881 
Igański Lech 92302794367  4894 2228 4035 3118 2159 4100 1926 1180 4129 4380 1720 3924 
Surma Sylwester 90985790361  4210 1123 1463 2724 1247 2848 1623 1754 3107 1978 1687 4624 
Lewandowski Adam 55062194926  3389 1206 4955 1906 1457 2754 3098 3748 3606 2024 3084 2116 
Fedorowicz Bartek 42259157717  1086 4869 2453 3034 4563 3657 3780 2539 4895 2071 2251 4357 
Adamowicz Józef 96176075315  4017 1155 3965 1527 4401 3445 4560 1871 3060 1711 3996 1785 
Jaruzelski Stanisław 16765493889  3440 3856 2922 3024 1768 3391 2371 2007 2053 1388 1382 3731 
Surma Łucjan 46318850305  1240 3289 4669 3693 2251 1955 1826 4740 2285 1082 4230 1954 
Mickiewicz Cezary 52329888410  2958 1065 2901 2049 1651 4636 2269 2453 3079 3040 4855 1390 
Szary Kamil 28425903239  1156 4673 1904 1694 3984 4934 2391 3476 3871 1517 1880 4650 
Englert Natan 64720935431  2352 3705 1833 1690 4755 1022 3239 2090 4804 3178 1419 4213 
Cebula Patryk 37792255806  2912 3555 1955 3027 4190 2221 2106 2634 3336 4110 2735 1944 
Hołdys Damian 86408534818  3441 1922 4274 3761 3892 3972 1252 1731 4478 3233 4980 4026 
Nowak Wiesław 34375104681  4170 3753 3757 3134 2007 4793 3956 1590 1205 4150 3168 2123 
Dobry Sylwester 77303627366  3401 2077 1565 1891 1882 3571 2518 2351 1808 4847 1370 4774 
Cebula Ryszard 75381266030  4305 1048 1836 2551 4227 2508 2462 4253 3154 3563 2499 1063 
Lubuski Mariusz 72976938953  4974 3175 3823 4442 4088 4305 3410 1611 3315 2509 3883 2178 
Gizmo Kamil 45557534490  2435 3403 4430 3826 2963 3805 2289 4069 4784 3596 4338 4849 
Igański Stanisław 80101734291  1877 3640 1599 4287 3155 1655 3731 4642 3681 2726 4849 2544 
Karwin Zygmunt 64327947837  3288 2344 1352 4846 3911 1536 3754 2637 4543 3308 4553 3983 
Bartnik Adam 63930362079  3267 2692 2284 4951 1936 3867 1338 2910 4188 1899 2208 1237 
Kapusta Damian 98418165329  2805 1970 3771 1065 2817 4182 4803 2197 2161 4815 2221 1904 
Englert Cezary 21396969016  1533 2572 1335 4138 1100 1156 4225 2168 2074 3122 2799 3945 
Igański Sylwester 70727287411  1567 2071 3613 4053 2188 1340 1620 2880 2601 3459 4833 2800 
Mickiewicz Natan 34545387992  1734 3969 1590 4653 2537 2542 1204 1408 4357 2358 4167 2605 
Karwin Łucjan 89916646186  2458 4239 1127 4317 3030 1006 3430 3520 4254 2479 2532 3685 
Fedorowicz Marek 79450524865  3428 4080 4953 3999 3378 2540 1357 1744 2249 3518 2373 3305 
Adamowicz Ignacy 97935083047  4646 1847 1423 2708 3231 4176 2441 4524 4756 3624 1403 4067 
Hołdys Patryk 42418406783  1259 2218 3373 4033 3668 1334 1089 4330 1636 4573 3029 4319 
Mickiewicz Natan 29006895340  1754 2924 3982 3015 3194 4767 1924 4188 2087 4159 4853 4276 
Kapusta Olaf 73992362751  2495 1914 4143 1208 2020 3026 3329 1987 1094 2763 3627 1428 
Dobry Natan 27889124591  3179 1520 1110 1183 1114 3228 1452 4985 4447 3594 1058 4501 
Adamowicz Zygmunt 35071934347  3584 1642 1557 3623 4938 2388 2498 4478 3211 1114 3800 3246 
Kapusta Ryszard 88840288564  4175 4441 3167 4850 2946 4401 2335 3027 2474 1763 2707 2994 
Gizmo Paweł 84636019827  1509 3891 3167 2633 3635 3981 4334 1610 2914 4624 1081 4273 
Dobry Paweł 45106274430  2015 4895 3468 3539 2437 2897 3584 3636 2125 2263 4495 2118 
Igański Stanisław 70009861121  4654 2559 4230 4060 1283 2435 2808 1661 4803 3987 1053 1612 
Nowak Felicjan 82536140773  2537 2447 3229 3888 4895 2966 2840 2179 3754 3721 1089 4877 
Łysiak Bartek 83474911828  3581 2234 1381 4603 3478 1437 2950 2988 4001 4114 4254 2996 
Szary Wacław 76769974820  1900 1551 2912 4582 1291 3430 2727 4985 3188 4543 2872 3094 
Karwin Marian 42574642041  2088 2702 3658 3265 4547 4923 1962 2263 2964 3325 4349 2457 
Gizmo Leszek 35417506279  1171 4912 1338 2574 2691 3433 3034 2620 4199 1985 2283 3820 
Surma Tycjan 29535931848  1448 1950 3497 3082 2877 1300 2406 2543 4469 1938 1005 2084 
Surma Tycjan 53567608521  1254 3213 3120 4313 2488 3940 1747 3682 3940 1258 1030 1535 
Fedorowicz Zygmunt 58774306580  3839 3607 3600 3793 1635 3032 4140 1464 2132 4779 2254 1346 
Surma Edmund 38119673014  2544 4126 2498 4990 1777 4634 3919 2232 4708 3155 3166 1846 
Szary Grzegorz 65893262216  3946 3461 4664 4939 1625 2446 3697 3965 1620 4503 3092 2210 
Lubuski Ryszard 14330126257  3869 3945 2258 3004 4987 2845 4006 4181 1756 1563 3528 2394 
Mickiewicz Mariusz 46674932906  3488 4993 1908 4970 2842 3840 4744 1419 4285 3091 1276 1066 
Karwin Józef 26629028975  3410 3819 2732 1777 1570 4797 2992 1301 4841 1492 1146 1071 
Szary Ignacy 68590646702  2175 1582 4098 3443 1752 4507 3691 2948 2404 3377 1728 2086 
Igański Wiesław 26421908093  2050 1009 2738 2451 4140 1990 1741 4513 1662 3706 1333 2379 
Lewandowski Edmund 95867917023  1367 4458 1721 2889 1764 1014 3621 2818 3388 3907 4573 1757 
Mickiewicz Marian 65285813917  3779 3789 4105 4214 3209 3582 1129 3832 2322 3125 4434 2674 
Adamowicz Tycjan 47818261384  2367 2498 3536 3039 1477 4019 3329 3833 3314 1915 3032 4907 
Surma Marian 91805743350  4914 1041 3214 3470 4451 1426 1446 1479 1456 3423 3313 3965 
Marecki Leszek 82159336679  2997 3079 1384 3686 2661 1612 3526 4383 2577 3653 2728 2141 
Igański Patryk 29486761933  1317 2633 2259 3516 1944 1204 4322 2462 3600 1063 4608 4957 
Bartnik Stanisław 40048760266  1188 1399 1641 3561 3292 3374 1113 3360 1822 3026 2048 3280 
Nowak Adam 47399042223  4738 1287 1485 4828 4857 3583 1187 3154 4333 3377 2557 4073 
Cebula Wacław 58562268579  3587 2453 1632 4324 4726 1374 1626 4468 1313 3974 3228 3625 
Kowalski Kamil 43338478596  3385 1737 3366 3055 1772 1586 2342 4809 3796 3848 3491 1155 
Fedorowicz Zygmunt 32757792479  1929 3961 2794 3987 1132 4738 3077 1037 3363 4563 1045 3386 
Mickiewicz Felicjan 63472806182  2655 1813 2433 1571 2421 2365 4370 2743 2823 4269 4155 4210 
Fedorowicz Piotr 37964453749  4912 1764 1068 4287 4646 1334 4849 3817 3842 1280 4708 2626 
Łysiak Bartek 86749471363  1093 1055 1467 3190 3905 2230 3562 2297 3569 1760 3996 1496 
Adamowicz Krzysztof 56188460744  1882 1000 4243 4262 1746 3794 3146 1021 3072 4944 2664 1640 
Szary Radosław 95752169041  2437 1774 3939 4300 3272 2489 4921 2502 2342 1843 1647 4470 
Igański Marian 14466783974  3844 3078 3204 4859 1175 4787 1786 2707 4935 3888 4452 4837 
Fedorowicz Adam 32144553640  2227 4586 1967 1687 1237 2816 1108 4405 2075 2339 3423 1694 
Lubuski Olaf 90952172672  4315 2287 2096 3553 3648 1257 3156 4019 4677 4213 3306 2213 
Mickiewicz Łucjan 56198755184  1790 3598 2234 1314 3612 4061 2002 1014 1958 4752 3681 2753 
Fedorowicz Marian 65981229832  3751 2040 2185 3045 2779 3765 1967 4861 3222 2551 3223 1583 
Fedorowicz Ignacy 89608495614  3406 3976 4679 2559 3778 4124 3817 4637 2441 3955 1592 1361 
Igański Patryk 35970150957  4000 3048 4153 4084 4356 3824 1107 2965 2812 3073 1474 2507 
Kapusta Marian 46992679832  1055 3981 1210 4451 2339 3564 1675 3431 2536 1680 2805 3390 
Englert Grzegorz 90124392894  2092 1514 1979 2758 3044 2128 1321 2574 4688 2986 2190 4019 
Mickiewicz Paweł 43628829964  1190 2953 1244 1552 1597 3741 4667 2242 2616 3108 1772 3330 
Szary Grzegorz 46775644970  4272 1068 3950 2680 4090 2826 1945 3033 4649 4279 1998 1810 
Mickiewicz Bartek 87568185168  4981 3648 2707 4174 2064 2323 3800 4970 2959 2087 2560 1887 
Igański Cezary 53427010020  3793 3539 2232 2505 3484 2073 1674 3954 3081 2772 4332 1225 
Dobry Kamil 84487216760  4126 3166 4423 3066 4926 3306 3378 4041 1314 3933 3040 2220 
Mickiewicz Lech 24242458979  3700 4552 3329 4444 1319 1403 2742 4867 2213 1528 3329 4833 
Kapusta Grzegorz 29187038328  1026 4386 1485 4147 2601 1467 4769 1557 2741 1571 1504 4338 
Opania Natan 11865235794  2650 1072 4398 4585 4601 1069 3795 3032 1661 3656 3540 4055 
Lubuski Adam 18183560773  3339 1304 3588 1404 3220 2052 3736 2805 3844 2310 4795 3774 
Kapusta Cezary 16368496608  1664 4209 1734 4136 3286 4620 1905 2280 4871 2875 1736 2929 
Adamowicz Jan 69835937053  1134 3490 2242 1986 2821 2091 3217 1179 4806 2136 2294 3145 
Jaruzelski Cezary 97688791154  2134 2998 3371 1351 1120 4633 2378 3757 1062 1204 1226 3017 
Cebula Marek 23691920061  1474 2818 4965 3128 3909 3714 3724 4231 2431 3334 3515 3165 
Karwin Stanisław 53351765600  1326 1111 3604 2788 2479 3475 1656 4235 2643 1587 3336 2496 
Karwin Stanisław 90318453292  4397 4554 1582 2321 4429 1801 3578 3644 1546 1970 1298 2818 
Fedorowicz Cezary 34412258589  3894 1428 3743 1470 3007 4939 4619 4766 1500 3735 1118 2050 
Hołdys Sylwester 40396055569  3032 2055 4948 4581 2322 4353 1635 1664 2479 4095 4984 3392 
Fedorowicz Jan 35924522080  4801 4835 1538 4454 1748 1956 1057 1086 1758 1479 2979 4282 
Opania Wacław 71447086915  3719 4691 4091 3908 2823 1646 3406 4703 3340 1518 3809 2606 
Fedorowicz Cezary 70407925271  4518 4569 3121 4809 4168 4460 4994 1804 2188 4506 3538 4975 
Surma Kamil 60107141561  3459 3259 1088 2991 3288 1829 2954 4184 4462 4182 1780 4968 
Igański Zygmunt 43426657210  1979 2530 3629 2934 1815 4887 1749 3143 2887 4622 1595 4564 
Dobry Felicjan 64864526696  1932 1820 1690 1780 1753 2057 1238 3913 3545 1614 2032 2257 
Gizmo Wacław 18090410764  2261 1787 2407 4740 2469 3263 1382 1856 3009 2993 2177 1255 
Hołdys Łucjan 24865278995  4241 2124 2198 3923 2105 4132 4277 4789 1895 1980 1871 4474 
Cebula Cezary 35754955028  4072 3614 1204 3000 4407 2633 3736 3648 3335 4444 4044 1666 
Jaruzelski Krzysztof 67421894265  2038 1729 3510 4197 2748 3378 3828 2358 1239 3575 3850 2166 
Gizmo Marian 10337860269  2791 2256 3701 1659 2959 1782 4525 1065 3019 3481 3485 2239 
Łysiak Sylwester 29778073820  1468 1681 2490 4131 2160 3034 4878 3113 2054 3043 3371 4997 
Szary Grzegorz 40756595347  2088 1927 4783 2126 4754 3452 2046 1526 1947 3346 4584 2000 
Cebula Grzegorz 82488293870  3265 3359 3151 4010 3632 2359 2540 4413 1410 3189 2596 3877 
Lewandowski Kamil 47696099658  3974 3068 3844 2382 4667 4256 4846 3372 4849 4773 2126 2059 
Cebula Olaf 20934725922  2777 3961 3400 4964 2574 2411 3974 2563 2889 4814 4784 3268 
Englert Lech 20256259967  3935 4510 1688 2664 2869 1871 1811 1895 2949 4993 4485 3838 
Nowak Piotr 11243431762  3422 1764 1481 2487 2191 4929 3815 3811 3793 4985 2917 4541 
Surma Paweł 38836249712  2503 4724 3321 3232 2967 2385 1338 1698 1392 3598 3857 1387 
Kowalski Tycjan 35481018388  3190 3355 3106 2694 4325 2853 2041 3943 4579 1517 2003 2369 
Marecki Paweł 21634120502  1427 1572 2011 3390 3359 4230 3825 4977 3893 4090 2417 4571 
Kapusta Adam 47645560955  3913 2050 2807 4058 2121 4445 3510 1693 3726 4882 1689 2424 
Mickiewicz Sylwester 81243264259  1486 1554 1412 4395 4445 2031 2162 3742 1786 2512 3349 2755 
Karwin Łucjan 34512213152  4885 4851 4292 3975 2088 3895 3772 4706 1136 1012 1682 4880 
Opania Olaf 57911593560  1278 2794 4885 2042 1439 1211 3815 2994 4120 4810 3325 3489 
Adamowicz Wacław 85115090013  3513 4755 2958 3295 3697 2116 3082 4724 4975 1278 2217 4087 
Adamowicz Stanisław 60226024715  2001 4815 4745 1417 2468 1854 3509 1589 3892 3720 1533 3687 
Łysiak Ignacy 59971393527  4852 4243 2149 3948 2947 1692 4001 2837 1657 2046 1386 2990 
Karwin Sylwester 79352957962  1729 2550 2389 2324 2265 4469 3287 3072 1073 1445 2009 1617 
Opania Mariusz 94471029317  1323 1188 2471 2815 2962 1759 3577 3211 1843 1650 1047 4962 
Marecki Leszek 61000569337  2736 2789 1351 2533 3122 2528 4955 4844 3706 2020 4727 3769 
Łysiak Zygmunt 80719931666  2760 2909 4221 1876 3948 3465 4522 3391 1967 4328 4537 1346 
Igański Marek 35367686897  4602 2672 3844 2076 2708 4362 4305 4009 3989 2548 3221 3895 
Marecki Felicjan 92764759829  4753 4616 2575 1590 3507 3278 4319 2202 4510 4481 2403 2864 
Cebula Wiesław 95091621844  2248 3521 4881 3208 2641 2514 4437 2465 4207 2625 2989 2101 
Surma Edmund 20195363373  2540 1671 2540 3632 1129 1195 2721 2662 3226 1964 4771 4766 
Cebula Radosław 18730959926  1878 2060 4114 2561 1260 2762 2724 2042 2948 3748 3279 4820 
Dobry Edmund 70642406345  2134 2591 1533 1021 1974 3243 3142 1377 2518 4630 3503 1015 
Kapusta Marek 89622392807  4168 4178 3476 2982 3319 4510 2638 3169 4428 2696 2314 2033 
Igański Zygmunt 98454486962  1928 3972 3243 1417 3914 3774 1988 3366 4530 2667 1265 3202 
Cebula Jan 54213603158  4510 2230 1260 1764 1887 4577 1912 1269 4804 2308 1963 4413 
Kowalski Jan 76910714166  2178 3856 1766 1600 4190 2592 2330 4110 2049 2198 1264 3730 
Surma Damian 19066238851  1287 1934 3029 4284 1741 4480 2728 2875 4285 3065 2058 4297 
Kapusta Olaf 83076136734  4284 2473 3067 2483 2487 1385 2112 3392 3037 2310 1882 2995 
Surma Stanisław 92067831355  4927 2225 2298 3457 3056 4427 2909 1837 4771 4924 2048 4976 
Fedorowicz Kamil 57033267600  1360 1886 1167 2478 4332 4159 4645 2573 3429 2546 3940 3243 
Gizmo Damian 64222068087  3120 4620 3531 4640 1826 2685 1001 3560 3334 1521 2283 1809 
Opania Zygmunt 44599817944  3159 1994 4769 1489 1208 1312 2124 2018 4304 3449 2928 4990 
Kowalski Marian 52177540801  4570 2384 3462 1837 1713 4861 2244 4781 3732 3904 4086 1320 
Łysiak Leszek 82346118357  2895 1224 2394 4242 4353 1054 2694 4286 1221 3247 3341 2615 
Igański Cezary 96770014567  4155 4884 3467 2292 4364 1901 1932 2244 1498 3634 3064 2413 
Lubuski Leszek 32529598096  2646 3704 3512 3349 2195 4255 4042 2441 3435 2166 1762 2377 
Kapusta Cezary 78281541150  1061 1921 3100 1709 4198 4651 2645 4280 3303 4917 1243 4049 
Hołdys Radosław 16638953528  4220 1381 1251 3253 1976 3018 2277 3519 3589 1092 3587 1487 
Łysiak Damian 82813213874  4131 2767 4105 3658 1985 2514 1595 2275 2508 1026 4650 4594 
Cebula Felicjan 63410497184  1361 4041 4350 2606 1223 1853 1501 4959 4729 1719 3219 4037 
Surma Natan 55062920413  3614 2946 3165 1872 4061 4695 3252 4404 3380 4893 2378 2363 
Nowak Izydor 52338550889  2789 2843 3104 2866 2314 3164 1249 1314 3260 4390 2567 1664 
Nowak Paweł 81963678484  3250 2846 1250 4390 3174 4632 4910 4511 3579 3050 4258 3287 
Igański Józef 16734230708  2797 4420 2628 3487 1383 3060 4151 4452 3304 4282 4779 2713 
Dobry Cezary 66882339109  3059 2862 3520 1318 4352 2417 1054 3671 1091 2550 2840 3646 
Łysiak Marek 10539449838  4860 2959 1587 1810 4628 1777 2729 2954 1650 3494 3713 2233 
Adamowicz Olaf 47937707979  4075 1944 2588 1166 4916 3078 1720 3537 3162 4285 1363 2095 
Fedorowicz Damian 11864801491  1367 1164 3951 1924 1290 2078 4856 2072 2693 1879 1622 1403 
Bartnik Lech 37926817735  4502 4022 3513 2596 2990 1580 3982 4573 3237 4390 4265 1491 
Cebula Paweł 38884740723  4507 2295 1895 3998 4711 3702 2298 2770 4306 2482 1652 3996 
Gizmo Stanisław 79144047165  2934 4105 2333 1269 1996 3086 4902 2719 2081 3052 4641 1905 
Opania Olaf 48908004907  3898 1580 4692 4981 1015 1181 4700 1217 2061 3262 3760 2775 
Igański Marek 67933658740  4887 4811 1476 4568 3953 1378 2480 2905 1929 3720 3811 4824 
Adamowicz Felicjan 54205296599  4961 1432 3969 4666 4202 3960 4628 2222 2354 4841 2623 1934 
Karwin Marek 15988022686  3342 3507 2124 1037 4263 2200 3632 2518 4685 1776 3153 4298 
Lubuski Mariusz 30908029516  3531 4089 1018 4806 4409 4747 2566 2357 4466 4152 3115 3834 
Szary Piotr 65602937550  3768 1297 2663 2131 3736 4118 4380 3478 4560 1389 4276 3793 
Lubuski Cezary 54069492426  1692 3546 1969 4973 3768 4804 1438 2270 3891 4462 3258 4025 
Karwin Olaf 78909629949  1189 4011 2370 4487 4289 2717 4862 1565 2402 3292 1632 4818 
Lewandowski Paweł 28844108776  3669 4089 2298 1107 3115 2226 4546 3778 2914 2932 1802 2320 
Szary Józef 60385061688  1204 1355 1867 4968 2642 4388 4269 3352 4829 4529 2626 1681 
Łysiak Kamil 87373222857  4941 4694 2949 3124 2682 1148 2591 3003 3644 3760 3042 2309 
Adamowicz Natan 34348051055  2642 3283 1616 1197 3360 3007 2418 4752 4586 2380 1280 2181
