706 14
645 30
1161 19
345 9
596 1
28 13
1188 25
1089 22
845 20
310 27
269 21
786 22
473 20
509 12
803 2
351 5
840 17
1136 10
789 19
943 21
906 9
15 1
727 25
123 16
483 20
553 17
683 8
524 16
1159 28
612 11
872 7
545 24
158 10
613 29
470 2
647 6
561 4
611 21
399 6
382 14
122 28
296 2
960 12
874 16
808 9
815 27
869 30
911 16
1192 15
743 2
159 24
292 22
812 16
1165 29
1121 10
1105 6
871 15
133 25
654 20
928 25
1183 15
34 23
861 7
366 14
1098 12
601 8
805 24
667 20
400 25
1090 21
944 5
757 12
847 24
182 14
491 29
113 29
369 6
657 30
388 9
1074 19
775 15
641 24
171 1
639 3
705 22
404 12
1057 22
321 30
851 20
526 10
1051 21
738 18
1170 9
304 3
607 19
62 2
676 6
513 10
1141 8
69 24
515 11
249 21
151 28
23 18
90 15
48 10
464 21
294 14
342 16
707 18
881 25
87 5
1109 10
223 13
823 28
464 20
570 16
1060 12
69 6
507 23
486 22
818 20
672 8
945 24
1008 3
942 8
606 10
160 18
1022 5
510 22
101 1
261 21
121 8
568 7
322 30
354 11
1165 18
119 1
767 8
88 4
757 17
390 22
650 5
173 11
371 5
354 26
500 5
408 8
453 27
699 19
271 29
991 2
1057 3
115 3
1007 8
431 13
169 26
429 14
970 6
932 26
743 9
894 4
1079 13
412 17
1186 15
1152 28
498 30
135 12
982 1
425 26
630 23
649 22
432 24
616 18
753 8
1046 1
895 9
488 5
435 12
949 16
1140 6
970 19
830 8
446 29
18 26
639 5
407 7
971 16
14 30
459 29
803 24
1114 30
1199 24
403 3
506 19
536 5
1166 27
559 27
792 29
503 20
519 22
424 23
470 7
216 24
662 30
810 13
820 10
81 6
459 20
387 1
434 19
249 6
662 2
34 20
242 9
934 25
90 12
328 4
920 4
197 20
829 14
1050 23
633 5
530 29
1078 13
572 26
1135 6
1083 14
926 27
855 17
962 10
896 10
607 17
883 30
864 6
742 19
535 11
973 2
1109 24
847 7
310 8
370 28
483 12
338 19
11 27
113 25
1083 23
473 21
938 27
557 29
882 4
1085 7
856 13
1080 18
557 7
684 10
589 1
889 5
340 8
51 13
1184 8
102 9
274 2
1044 22
1070 19
1130 8
610 23
417 20
100 12
1072 24
899 7
1166 6
367 18
1093 22
245 23
898 10
755 22
1017 6
810 27
918 9
1025 2
1102 16
229 17
644 4
558 30
631 18
653 13
776 4
866 5
938 25
1034 14
306 30
518 14
254 9
759 3
786 29
789 29
557 21
542 29
538 24
1147 16
387 12
14 24
767 24
232 26
92 7
72 8
824 14
1182 4
953 5
637 23
493 22
622 6
555 3
1169 2
360 6
271 30
438 20
155 28
311 20
583 10
239 21
1138 5
455 6
943 16
1166 22
1041 29
122 24
258 19
348 30
147 25
898 12
318 22
1174 4
439 10
115 10
65 14
423 9
396 8
1012 26
1148 29
529 9
758 2
302 2
243 4
500 21
263 22
1131 12
347 3
1157 7
582 5
1079 8
186 22
856 18
715 18
354 4
1018 27
758 3
624 13
124 9
838 18
360 5
417 21
119 6
443 27
137 5
876 1
41 4
8 10
183 8
514 1
870 26
942 12
1 29
995 7
489 11
223 29
106 30
69 12
476 11
322 19
948 11
286 19
410 5
1085 22
710 29
373 4
852 11
1177 29
710 5
1092 23
552 19
434 13
1167 22
296 24
187 22
436 25
316 10
239 28
48 23
46 8
1178 14
200 6
927 25
802 30
281 18
710 23
14 5
1026 27
971 4
205 19
490 15
148 27
68 13
723 20
959 10
607 7
1015 18
176 5
219 4
43 13
591 30
621 16
943 11
1109 15
1192 25
45 9
808 3
1183 29
718 4
522 23
868 9
1170 23
511 4
653 4
314 27
922 7
766 8
398 24
461 23
905 10
414 5
647 17
530 21
819 20
757 9
246 3
112 18
125 4
1116 20
777 15
433 24
335 13
508 28
799 24
207 30
962 7
706 4
157 17
231 24
755 3
1067 29
854 18
376 19
461 6
984 29
754 25
500 26
1154 1
363 15
23 22
798 4
1139 9
552 13
1058 10
26 12
708 5
767 7
272 12
231 26
601 28
492 5
57 17
840 19
703 21
10 3
479 29
654 15
420 21
731 2
881 30
262 9
485 10
629 4
236 19
877 7
610 14
1020 15
290 25
387 26
381 15
747 23
519 4
985 25
731 6
108 4
946 12
849 7
554 5
320 25
389 18
951 13
134 13
740 13
1176 10
520 22
559 8
1032 17
486 20
304 9
952 1
726 2
794 16
476 24
469 5
367 10
1025 25
157 26
541 23
339 14
1116 29
388 27
329 1
758 10
1067 27
631 16
995 10
1037 29
146 26
554 14
568 2
990 12
1143 5
967 8
342 7
707 22
1057 14
486 12
766 18
487 5
1034 24
1028 20
978 11
598 25
238 11
864 4
7 22
1009 22
889 11
569 17
180 16
24 1
765 27
257 20
769 7
477 27
761 18
316 4
584 23
903 20
722 14
289 12
871 23
1052 12
1181 4
791 26
60 6
869 1
418 9
825 10
279 20
45 24
1083 19
34 14
11 16
690 22
546 16
769 1
396 21
434 16
1078 19
1014 28
913 23
879 22
710 8
450 10
67 29
1179 6
51 17
571 18
220 26
876 20
834 27
1077 18
1065 20
424 19
375 18
857 22
632 7
1178 11
1067 9
449 25
986 18
475 30
919 20
1081 4
1153 15
521 26
758 20
448 19
258 16
146 7
38 22
68 2
1124 16
169 13
839 19
9 24
31 4
1056 18
290 26
1166 17
476 10
482 26
662 9
317 4
276 14
214 14
636 21
458 16
1154 22
588 18
1198 21
535 9
255 13
927 30
1097 19
902 27
906 15
282 10
251 13
779 18
370 7
331 9
868 28
334 12
1063 6
912 17
117 23
758 1
236 17
124 16
99 6
782 13
407 17
98 21
356 17
578 4
31 10
376 28
736 21
963 2
861 1
1014 5
513 23
767 16
379 28
1044 19
1043 22
601 3
87 22
351 4
740 4
422 8
64 19
867 8
532 29
205 6
167 5
241 3
566 5
70 18
400 18
203 14
61 11
988 11
350 15
3 22
671 25
1002 29
825 14
831 9
693 27
225 1
347 10
855 2
152 20
64 14
1182 13
85 26
485 12
842 29
383 28
979 7
409 18
547 15
494 28
256 6
1142 3
547 14
75 15
1131 13
332 3
1169 14
602 6
310 18
1072 8
232 8
159 25
371 16
151 8
421 10
498 29
986 16
395 12
1030 17
156 15
1057 10
741 16
204 26
616 7
177 26
240 10
194 15
632 16
284 8
450 8
619 17
1073 19
1032 19
206 9
34 28
973 12
453 24
1019 25
684 1
1196 22
658 19
92 10
164 27
13 12
833 25
1179 9
409 9
738 10
720 8
945 16
1090 2
710 2
433 30
297 12
410 10
1077 4
374 21
129 18
620 6
620 23
116 18
135 23
1030 21
300 26
240 8
1116 5
1014 21
167 1
292 28
788 6
415 26
833 14
810 10
916 22
1013 26
463 16
671 20
1138 27
1116 1
283 18
360 26
636 30
765 4
257 19
769 6
736 2
1027 4
1026 30
1034 22
497 14
1017 8
727 5
546 30
815 28
113 13
680 10
105 5
888 13
205 11
621 11
580 14
255 28
79 17
81 30
567 30
38 5
223 26
160 20
361 8
707 19
532 1
904 27
387 30
862 19
313 10
475 24
112 20
449 9
618 24
1195 22
846 20
310 4
1108 6
1037 21
124 25
92 4
56 1
630 20
201 10
994 29
199 4
32 9
298 28
1174 15
421 12
645 22
903 22
652 10
754 27
270 18
974 30
863 12
165 18
449 19
1064 6
842 24
144 21
535 29
718 26
1002 17
227 3
494 22
683 23
283 13
804 28
453 7
14 15
714 6
573 25
1156 1
791 11
253 8
745 23
225 16
679 22
232 16
78 12
952 2
358 24
375 9
1075 26
222 17
953 24
834 28
186 7
336 17
1102 25
517 22
488 8
323 11
937 19
73 1
305 18
816 2
1006 25
77 2
243 15
631 13
37 21
595 3
639 30
1164 15
917 28
110 23
901 23
353 5
1049 9
450 2
249 16
845 30
718 7
615 1
849 24
776 3
98 15
422 3
277 11
220 24
950 7
809 10
877 8
69 27
831 30
705 12
1178 12
309 3
797 24
1057 19
565 26
1021 27
513 5
661 12
902 5
548 22
1059 18
1192 6
1035 29
97 16
1175 30
441 8
54 6
994 14
573 27
135 21
1004 12
1145 16
565 27
911 18
1200 20
383 12
464 19
1035 23
720 23
504 2
747 6
794 13
683 18
108 6
1050 14
108 18
772 1
1186 17
590 14
416 12
645 8
652 30
988 16
306 15
258 20
1132 11
21 26
709 24
1095 2
1191 13
642 10
802 28
565 19
968 10
253 17
149 8
1023 3
465 15
588 16
904 10
177 7
412 10
215 19
328 23
1018 8
606 22
73 13
359 24
168 10
