10 -2.2098 8.6075 -9.8163 -0.8623 -1.433 -7.114 -9.8013 0.3691 6.6801 -7.0427 1.7574 0.9061
2 -3.3792 -5.4733 -8.6334 -1.5076
6 9.8641 -2.0968 6.1828 7.1363 -7.5529 2.985 7.8736 4.5783
5 5.3945 -9.0126 7.4886 2.9074 -2.652 -8.8859 -8.1811
10 7.594 4.5748 5.6572 -9.1579 -7.6282 4.8996 -9.9326 -7.1543 4.8184 8.8176 2.4461 5.7075
6 -5.4248 1.949 -9.2148 -3.4813 2.7425 5.7757 -9.5761 5.9677
4 -9.7606 -4.5537 6.5203 -3.5847 -8.4616 1.8273
7 4.0396 9.4841 -4.8587 5.8406 -7.5302 4.6067 -6.9768 -7.3898 -4.9058
2 -2.5527 -8.8386 6.6209 -3.7043
5 8.4674 5.2982 -5.569 2.8681 -3.457 -1.3583 -1.7407
8 0.9104 9.8364 -1.934 -4.8503 -3.2236 8.0706 3.4072 1.9299 -8.4073 5.359
6 -3.2515 7.3162 -2.6639 4.6214 7.8008 6.8523 -8.2251 1.5592
7 8.4443 -0.4056 -1.9436 7.53 3.6974 3.0542 -0.5974 5.2793 -1.1524
10 8.6078 -2.4891 -9.8022 -3.1995 6.5842 -6.8846 -8.2867 -5.5114 -3.6004 -6.0964 9.2569 -6.7683
3 -2.3451 -9.8981 -4.7705 0.6832 5.534
11 -3.7955 8.918 1.5919 -0.9174 7.8555 -4.8587 -9.9223 5.5487 -0.8842 -4.5098 7.7495 9.4024 -9.8863
7 5.3218 6.0799 0.1037 2.9816 -0.3765 1.2059 -0.2229 9.076 0.7201
4 -2.5328 4.807 4.3286 -9.6512 5.1386 -2.2284
4 -8.5539 -8.7543 8.6266 9.8331 2.277 5.2571
2 -8.8824 -5.6652 1.2085 -9.1463
11 9.331 -8.8773 -6.785 2.4166 8.681 -4.8762 -6.8776 2.5687 3.9958 3.5321 -9.2419 -1.0602 -7.4569
2 6.7445 -2.1542 -7.1141 5.5576
9 -7.0321 1.873 2.4698 -9.0851 -3.805 2.8328 2.2673 -3.6348 -0.4194 2.7906 -3.5414
10 -6.312 -4.4621 8.8798 -2.079 2.0571 8.8926 3.9615 8.9055 6.9803 -3.585 -7.2398 4.3849
4 5.54 -4.6612 8.8042 0.7746 1.5159 1.1503
6 6.1862 -7.4792 -5.3026 -9.8388 -0.8553 3.6289 -8.8027 -7.5834
4 6.8191 7.084 5.6187 -5.8772 4.4848 -4.0171
5 1.012 6.3582 -6.7585 4.3218 1.326 -1.5389 8.433
11 0.388 1.0061 7.1775 9.7466 -2.0895 -2.6678 1.5641 -4.5538 2.1594 -7.6739 -0.7622 4.1285 -2.4779
7 7.3752 9.1819 2.9922 0.2456 -6.2406 8.5601 2.3743 -0.4219 6.3033
8 2.9342 -8.807 7.7457 -1.9627 -1.0001 8.9419 -1.6741 -7.9618 -5.5984 -1.9801
5 -2.3686 -3.7804 -1.7795 2.0865 3.5496 -6.3728 -4.2477
8 8.8821 5.9988 5.7329 9.1987 -5.8173 -2.8537 -1.5907 9.0708 -2.2353 3.3957
4 -1.493 -2.8471 3.6093 -0.1451 -7.7916 7.8543
10 -1.9618 9.279 -4.8332 1.5942 3.1815 4.2055 6.8014 -9.3555 6.8831 8.0353 7.5566 -1.4664
3 4.2631 -4.8218 2.1055 5.012 0.2555
8 -6.4221 -7.1678 4.3352 -5.675 -5.1357 -0.4923 7.2494 9.5889 2.3564 6.8875
2 1.8403 0.3014 -4.7371 -0.7747
8 7.0564 -5.0755 -6.1296 0.824 -2.5945 -8.68 -3.9015 0.2084 2.1846 -7.4323
2 -6.0255 -0.3595 7.194 -6.0039
2 -2.5655 6.1421 -2.2444 -9.323
9 -8.87 -3.5957 3.9892 -8.1442 3.7095 -7.9393 0.1092 2.3251 -0.5553 -7.0064 -9.6668
2 -3.556 5.8767 -6.638 -3.4782
6 7.9485 7.6757 -5.15 9.6855 7.7894 4.7295 -9.255 -0.5574
7 5.6006 -8.089 1.7704 -6.3207 8.5445 0.8529 -9.6998 9.4961 8.0717
2 0.5106 5.09 -8.6441 8.5921
3 6.1495 7.4539 9.0895 -6.9323 1.8713
10 -3.0245 -0.5055 -9.9228 -0.9646 -5.2969 7.5454 8.9562 -1.4871 -3.7871 4.2673 -5.2303 2.4021
3 -8.5862 -1.613 4.5569 -0.5071 2.2461
10 3.6234 -9.3794 0.6542 -2.6587 4.4725 0.6511 -2.1112 -1.3669 2.7785 -5.2829 0.3868 3.887
7 6.8805 4.0494 -5.7272 -9.4626 5.7965 5.664 5.0753 -4.19 1.9242
10 6.7946 -9.5376 -5.2417 9.3328 -8.963 -1.173 2.7993 5.658 6.1631 -6.4768 -0.0714 -5.0153
5 -6.8907 8.4901 -2.5293 6.7739 -2.8421 -1.5475 -9.0582
10 5.046 -1.9007 -8.6414 2.4486 -2.5476 -0.4217 -7.5732 -2.9052 -6.4258 3.8585 8.1963 -3.5441
10 -2.1406 -2.8367 1.2342 6.2507 -2.6927 9.8993 8.41 3.7739 2.5133 -9.7217 -6.7983 -7.8467
11 -7.1131 0.5705 2.608 5.7423 -0.0889 -4.3533 0.8092 0.8192 -1.6528 4.346 6.4866 7.3331 3.0859
9 1.2314 -7.7459 5.3971 7.6924 3.8771 -6.7687 -0.7549 -4.3189 1.4406 5.5645 3.2387
5 2.4991 -9.8458 3.8818 3.3934 -1.424 -2.4694 -2.5179
5 -1.4843 -4.7719 -4.8248 -4.2404 5.6581 0.7667 8.8022
2 -2.2765 -5.3598 1.0448 9.9007
5 2.35 5.6411 -4.1223 -2.1519 4.4711 0.6916 -5.4495
8 -4.3551 -1.6481 6.0939 9.5024 3.1053 7.7446 2.8104 -7.595 9.6194 2.3934
6 0.7398 4.689 8.7805 -2.5399 -3.29 6.3026 -7.313 -5.3477
3 7.4364 -8.6715 6.3601 -0.0236 -4.4401
5 1.1427 -1.3796 -6.1725 -6.905 2.9932 5.3315 0.4615
7 -3.4364 -8.5715 0.926 8.9669 -6.3718 2.4661 -7.8001 -0.6218 -0.5165
10 -3.3214 2.619 -5.8386 4.6603 7.7864 8.9932 -2.4479 -9.355 -7.221 5.4081 -8.7224 8.9173
6 -3.2689 -0.2553 3.9743 8.4554 -5.6452 -7.2616 8.6374 -6.2345
3 -0.0593 -3.4678 3.8212 -6.9438 -3.4676
7 9.4269 1.9258 9.0781 -0.2306 8.824 3.2692 -8.9802 -7.6746 5.9656
11 -0.1445 4.5938 0.5663 -1.0701 -5.3752 6.6502 1.5465 -8.2654 5.1189 -1.1307 6.9118 5.1725 0.8631
11 9.5654 -3.0093 -3.7265 -1.3703 -3.8433 -8.6208 -3.7763 1.0839 -2.3783 -5.0364 0.1543 1.9514 -5.2234
9 -6.6882 9.179 3.1069 6.5805 -0.5107 -2.4135 7.6757 6.0651 -4.7996 4.9112 1.7004
11 9.9786 3.4826 5.609 -7.1218 1.2187 -3.7294 -3.3574 -9.4758 4.9951 2.2829 -5.4995 -3.7815 -1.9325
2 -8.72 6.4021 3.7874 1.2618
9 -7.9035 -1.1205 1.6316 -0.8657 9.4101 2.6066 -7.3147 -2.1506 3.5412 9.4252 -1.8082
11 -0.0486 4.7299 2.7719 -0.452 6.6254 8.6641 -1.2667 5.6322 1.0899 -3.4744 3.3821 -4.0901 5.1798
4 -6.9324 -7.3928 -1.2613 -2.9626 -0.6524 -9.1566
7 2.0514 -4.0829 -1.018 7.5383 6.0046 6.0542 9.3493 -9.0152 -8.5987
2 9.6615 9.5874 9.6739 -1.6176
10 7.5807 -0.5963 0.3637 4.2852 2.2066 -0.4667 -2.1955 0.5901 7.7657 -1.4054 -2.7632 -3.6697
8 -7.7779 -7.0345 7.2139 3.6284 1.975 -6.7111 -1.7212 -3.9978 3.7755 -5.6608
6 -5.9438 5.4931 -5.6911 5.6813 -6.6779 5.0796 8.6946 0.5905
10 -2.199 -3.5046 -8.6648 -2.183 -5.8045 -6.115 8.0468 -2.3744 8.7857 9.0922 1.1473 -2.5142
4 -3.8679 -7.3899 5.1416 -9.7234 7.651 6.571
8 5.8976 -2.1553 8.7813 9.4557 1.0168 6.7134 5.1908 2.5951 -3.151 3.5576
10 9.1608 3.9024 2.9208 -8.065 5.9229 -9.1339 7.7862 8.6124 -7.9575 3.4468 -6.8743 4.4677
9 0.2177 8.5342 -1.5807 -1.9501 4.9256 -4.2251 9.1328 0.9938 -8.2879 -1.0094 -4.4698
10 1.8745 5.0629 -5.0038 -2.3223 1.2851 3.3534 -1.6009 5.2646 0.2683 -4.9099 7.792 -2.0735
10 -1.8278 2.1551 2.837 3.8341 7.4049 -7.9152 4.8147 -1.1489 2.0039 -8.8542 4.4627 3.4332
10 -7.867 1.6357 -8.1728 6.8837 9.6721 -6.2125 -5.7117 7.4242 -8.8541 1.5621 0.7947 1.734
8 2.1617 2.2482 -9.72 1.1127 5.592 -5.7332 9.7816 -3.6071 8.7266 -3.8679
9 7.9604 -7.3339 3.128 4.339 -7.6456 -1.1583 9.9065 8.1386 -1.4674 2.591 5.5492
2 -5.1059 1.3016 -8.825 5.6077
5 -8.0676 7.9992 1.2453 1.5887 1.274 -4.8158 -5.5994
8 0.6045 1.0805 -2.3449 -4.7488 0.8708 7.2732 6.74 9.0593 -3.38 -1.352
9 -7.8599 7.0898 -7.3483 -8.4802 1.7037 3.9998 -0.4949 -7.458 -7.1701 2.7775 -9.5515
5 -5.2071 5.1044 4.8598 7.2433 3.9646 -0.279 -3.6255
6 -4.7275 3.6198 4.0592 -8.4315 -4.4984 5.5836 9.1964 9.2492
4 4.1856 7.6394 -1.5967 -8.9465 -8.9933 -2.056
9 0.3516 2.2807 7.2618 9.7157 9.8695 6.005 -6.3863 -0.7209 -2.546 -3.2016 -3.1268
7 2.9815 0.7463 -7.2229 -1.9519 9.0804 -5.5146 -7.4242 5.109 -1.8671
7 1.5646 -7.6506 8.2683 0.5324 -6.5093 -9.6967 8.2526 1.0381 -2.4814
11 -5.5179 -2.7809 7.4575 -6.7796 -3.8051 -0.3174 -0.0985 -8.8385 -0.3854 9.6911 0.9001 -2.1821 -2.1437
11 -7.5937 0.5021 -6.3273 0.873 -2.1618 8.8962 -4.2953 9.0127 1.242 3.1845 -8.4272 -1.5931 4.6961
6 -1.5883 -4.1688 -2.23 -4.2395 -5.9268 7.7804 -8.4541 -2.7192
6 6.2009 -1.5973 -7.5967 2.9987 6.1739 -4.2394 7.8523 0.4914
5 2.4939 6.7428 7.8555 9.603 -5.1006 8.1195 -8.4827
6 -5.7675 2.518 7.2848 1.7113 0.4268 0.5491 8.1843 3.8534
8 -3.8727 2.8521 -4.3463 -7.6992 -7.0688 -3.5027 -4.7867 9.3367 2.8482 8.1119
10 -5.4335 -4.8273 2.0921 -3.2252 6.3375 9.9583 6.3375 8.2845 8.2661 -7.4474 6.8364 0.7135
11 6.0386 8.4347 9.2814 -4.3352 0.917 2.7754 -2.5901 -7.2295 1.9083 7.5465 -5.4758 7.2936 6.9344
10 -2.2622 -6.0043 -9.076 9.5592 6.1002 -4.2527 8.4155 -4.8728 -6.6682 -0.3384 0.4569 3.2538
10 6.6798 -3.9442 6.0181 9.3217 3.1194 3.1276 1.205 9.6769 -8.885 2.3506 -2.6365 4.7706
9 -9.2943 6.1106 -9.3825 4.4283 -0.5708 -8.0173 4.3297 5.3284 -2.9488 -1.2527 -7.9613
8 -2.2029 8.7702 7.3803 9.0636 5.9757 5.5894 -0.2481 -9.6133 -7.2828 -4.0869
9 -2.9863 -7.7861 6.8882 -8.7488 -6.2986 0.9292 9.1866 6.5566 6.6033 0.8575 6.1213
6 3.1002 9.4691 -3.8286 2.7987 -2.2894 -2.9903 -7.3954 -9.5561
11 -8.5323 6.326 -0.0295 0.5322 3.5487 2.5316 -5.4035 1.2667 -9.5011 9.2619 -3.2641 5.6713 -3.5044
2 -5.6973 -2.5829 8.7358 -2.2671
3 -7.6183 -0.2579 4.704 -5.9243 -0.241
2 1.9249 6.9856 9.7248 6.6879
3 -1.3097 -2.2761 -1.2178 -5.7204 9.1164
11 -8.1439 5.5313 -5.5226 -7.3236 -8.1895 9.9474 9.8224 5.3696 -7.1247 -9.0997 -2.7653 -5.7542 1.1297
6 2.973 -0.6574 -3.1304 1.7682 9.7745 9.4545 7.215 -0.0442
9 8.9581 -6.2471 7.689 2.0983 8.732 -2.9604 -3.6804 6.7368 6.1144 1.1045 0.5176
3 4.1847 -6.1834 -3.6631 -9.0403 -5.1281
11 -9.382 -1.2816 -9.7865 -4.0608 1.45 -6.6908 9.4211 -9.4838 4.0258 2.2359 4.2205 2.8216 5.2045
5 -1.8739 1.464 5.8659 -1.4507 6.6543 -2.8977 5.6565
2 3.0166 -1.0402 8.1336 7.7821
9 5.9458 -3.0896 9.3826 6.9809 -3.7321 -5.3651 -2.7213 -7.0182 9.3564 6.4139 -3.6898
5 -6.5203 1.4123 -3.2463 3.5808 5.1454 9.3913 -0.4151
5 -5.8754 9.3288 9.3618 1.8206 4.9058 3.8651 -2.7339
2 -9.6094 1.0967 -6.0602 -9.2247
10 5.2708 -7.6441 -6.1075 -4.2627 3.2873 1.7674 3.7278 3.8162 4.0123 7.8961 -4.3594 5.2085
7 -6.179 -3.2652 -7.1491 5.6964 -7.726 -9.7543 3.6136 -0.7175 -2.8711
4 8.1638 3.8121 1.0763 -2.2576 4.9922 1.7898
6 -3.6928 -9.9714 -1.2697 1.9939 9.2542 -8.3602 2.8863 -9.4031
10 -1.2674 -6.7949 -9.1303 9.0436 5.225 1.4468 0.7889 7.0316 -0.6286 0.2861 -0.0987 -1.6337
3 -4.481 -8.7777 1.1741 -1.9109 -2.7044
9 8.999 8.8836 -4.965 -9.9846 -3.366 5.198 -2.2237 0.6541 9.8537 -2.7622 -3.9428
10 1.1281 7.1938 8.5924 -0.4363 0.913 2.1501 -8.5954 1.7687 -3.3993 5.3534 2.1873 -4.8616
6 0.2398 0.1438 7.0641 5.5877 -6.4713 5.0841 -1.7241 0.2153
10 0.9094 4.9359 4.5569 -4.9949 -1.6408 -6.1736 -6.8516 -5.9497 0.6164 -5.6082 3.7383 5.7464
4 -7.5684 -7.5989 3.4898 5.1915 6.0313 -6.4886
7 2.6204 -1.9791 5.894 -5.8772 -3.6848 4.3239 -9.391 -7.6196 3.807
3 -6.5684 4.9036 9.2011 3.7346 -4.7537
4 9.2707 -7.1502 -5.1337 0.7191 0.0562 6.8124
11 -5.5212 7.966 -3.2782 -0.3487 7.3456 1.095 8.2828 -7.3477 -0.0281 -8.79 8.1636 -6.4228 -0.3516
11 -5.7783 -2.3201 8.5063 -4.9758 7.8955 8.4648 1.3609 -1.3056 -1.8029 -8.3929 -0.9845 6.7204 -9.5018
9 6.4273 1.1105 3.9934 -5.332 7.8524 -8.4617 9.8886 9.2909 -4.2915 7.0437 -3.631
9 -5.7946 -7.8908 -6.9194 7.0555 3.6957 -3.3968 -7.1023 7.6051 -1.4238 -9.8781 -6.824
9 -1.3538 5.2268 2.1984 5.4166 -8.4973 7.6686 -7.7428 -7.5018 -7.5996 9.668 7.404
3 3.8432 -3.4006 4.4299 5.4374 8.1686
3 -8.478 -2.5286 -7.6624 9.538 6.0863
4 -0.9037 -5.3971 -8.0738 -2.4034 -5.0335 -6.9907
6 6.8792 9.6771 9.5779 1.1973 9.3405 8.3612 4.5478 -6.4046
6 -1.0639 9.3717 -7.2409 5.6425 -6.1164 -5.8767 0.817 -0.6937
4 9.2236 -3.7785 1.0978 -8.0635 4.2382 7.8826
2 8.2779 -3.9688 -0.8838 7.7018
3 -7.8405 -6.0852 7.5201 -0.7596 7.3189
8 5.2019 -6.1062 -0.8573 8.1935 9.5733 -7.5127 9.1953 7.6215 9.3274 5.4467
6 -7.8108 -1.4466 4.2575 1.8045 -5.5155 -0.9299 -7.5075 -2.3959
6 7.7158 -0.481 -1.8824 -9.4412 1.6879 -2.2425 -6.8452 -3.567
3 1.0768 4.446 -7.4024 -8.0499 -3.3131
9 -5.3802 -9.4945 9.4637 0.6985 9.2661 2.67 -4.043 3.8844 7.6827 -9.2438 8.8816
6 6.2037 -3.5084 1.3063 -8.0765 6.7369 -9.575 -8.7821 -4.991
4 -9.5201 -1.8138 -3.7148 3.3368 -3.289 -3.6306
9 3.2691 3.9307 0.2715 -8.5779 0.1791 6.2983 -4.8509 4.0699 0.0554 -4.4011 9.2587
7 -3.6288 1.771 2.4509 -1.5021 -3.4402 2.1978 -4.7266 6.6695 7.5332
2 9.2921 -6.9326 7.0565 -2.756
4 8.8218 7.9397 8.7969 -1.7978 -2.0707 -4.2972
8 2.0218 -6.7934 0.8891 5.9666 -5.8807 -8.7076 -2.7543 6.0225 0.438 8.2446
11 -7.8725 -2.6039 7.788 5.8514 9.5503 -1.8112 8.5367 -0.3218 7.9111 -8.9131 0.7663 -1.4883 0.9926
11 -1.8998 2.0354 9.8983 -0.9266 -6.1805 2.6614 -2.1149 8.6511 1.6787 -2.5383 5.0278 3.7775 9.1741
4 -2.6498 -3.4372 3.3715 -4.6863 -8.198 9.5978
2 -5.5374 9.9771 7.2349 7.3405
10 -0.9787 1.5867 -7.266 -8.2088 4.8196 6.9385 -4.0176 4.8093 -4.6964 -9.8684 2.646 4.2802
3 -5.5465 -6.5863 -3.3403 6.0569 -0.8438
7 9.1611 9.7901 0.9173 7.3577 -7.1402 9.3266 9.4493 3.0129 -2.2238
6 -9.5916 2.0552 -5.3291 -9.1317 -9.6245 8.4438 -5.6223 8.8439
4 6.8129 -9.2199 -7.1072 8.1958 -1.0624 3.5692
8 -0.688 -8.6683 -1.7068 -8.6249 2.5108 0.1077 2.3388 0.2663 7.0557 -9.9135
11 -6.7389 1.1545 -2.2118 4.6952 1.2986 -4.4808 -8.4242 -6.8105 -9.7748 9.7451 2.1291 -0.6828 7.0431
4 2.9576 -4.9213 -8.8545 8.4016 -7.1963 9.2555
11 7.4022 1.0018 -3.0771 7.1817 6.2936 -8.4193 1.5845 6.4597 -9.0846 3.2225 9.4646 2.1077 -7.1592
9 -0.5075 2.5489 -1.421 1.9974 4.1696 -5.3387 -9.0716 9.1267 -8.9716 0.1641 5.5593
7 6.8629 4.3196 -2.1416 -6.3052 9.3612 6.2254 7.3698 0.5639 -9.4498
2 3.9967 -8.9457 -4.3624 0.976
9 7.8419 2.7655 8.3098 -8.7496 -2.8194 7.7505 3.1515 -1.3325 -8.7981 7.5816 6.5452
5 2.1216 9.338 7.392 -4.2513 -2.5415 -7.6583 -1.3762
6 0.2155 -7.0383 2.6038 -4.6142 -1.971 -1.6871 4.0954 3.6587
11 -9.9187 3.2985 5.391 -7.1935 1.6763 -4.2256 1.3338 -8.3237 -7.4305 1.9722 -8.1637 -9.3998 -9.336
5 2.4712 1.5203 0.0148 -7.7219 7.3713 -0.4584 -0.4874
5 6.1337 3.0787 6.1383 9.476 -8.4988 4.4333 9.1239
10 -1.3787 0.3848 0.8751 -3.0732 -0.485 -9.1353 7.1503 8.1618 2.4024 -1.4989 -4.0827 -6.0468
5 8.2801 -5.6637 -0.2998 -3.5836 7.6689 7.7777 -2.1952
9 4.445 0.0799 -3.3363 5.3579 1.8904 -6.4604 -1.6556 5.9493 -3.8868 -1.118 6.8956
11 1.8374 6.5365 -3.7571 -6.4414 -3.4656 -5.6112 3.5932 -4.8338 7.2834 7.341 -0.445 -8.7812 7.9282
11 2.4773 -3.994 -4.861 -3.8149 1.6749 -6.6137 9.8313 -8.3985 -3.9891 -5.3027 6.1489 4.1105 9.1137

