000000000000000000000
001000000000001000000
001000000000001000000
001000000000001000000
001000000000001000000
001000000000001000000
001000000000001000000
001000000000001000000
001000000000001000000
001000000000001000000
001000000000001000000
001000000000001000000
001000000000001000000
001000000000001000000
001000000000001000000
001000000000001000000
000100000000010000000
000011111111100000001
000000000000000000000
000000000000000000000
000000000000000000000
000111111100011111110
000100000000010000000
000100000000010000000
000100000000010000000
000100000000010000000
000100000000010000000
000100000000010000000
000111111100011111110
000100000000010000000
000110000000011000000
000101000000010100000
000100100000010010000
000100010000010001000
000100001000010000100
000100000100010000010
000100000000010000000
000100000000010000000
000100000000010000000
000000000000000000000
000000000000000000001
000000000000000000000
000010000000000000001
000011000000000000000
000010100000000000000
000010010000000000000
000010001000000000000
000010000100000000000
000010000000000000001
000010000000000000001
000000000000000000000
000000000000000000000
000010000000000000001
000011000000000000000
000010100000000000000
000010010000000000000
000010001000000000000
000010000100000000000
000010000000000000001
000010000000000000001
000000000000000000000
001111111111111110001
000000000100000000001
000000000100000000001
000000000100000000001
000000000100000000001
000000000100000000001
000000000100000000001
000000000100000000001
000000000100000000001
000000000100000000001
000000000100000000001
000000000100000000001
000000000100000000001
000000000100000000001
000000000100000000001
000000000100000000001
000000000100000000001
000000000000000000000
000000000000000000000
000000000000000000000
000111111100000000001
000100000000000000001
000100000000000000001
000100000000000000001
000100000000000000001
000100000000000000001
000100000000000000001
000111111100000000001
000100000000000000001
000000000000000000000
000111111100000000001
000100000000000000001
000100000000000000001
000100000000000000001
000100000000000000001
000100000000000000001
000100000000000000001
000111111100000000001
000100000000000000001
000000000000000000000
000000000000000000000
000010000000001000000
000011000000001100000
000010100000001010000
000010010000001001000
000010001000001000100
000010000100001000010
000010000000001000000
000010000000001000000
000010000000001000000
000010000000001000000
000010000000001000000
000010000000001000000
000010000000001000000
000010000000001000000
000010000000001000000
000010000000001000000
000010000000001000000
000000000000000000000
000000000100000000001
000000001100000000000
000000010000000000001
000000110000000000000
000000100000000000001
000000100000000000001
000001100000000000000
000001000000000000001
000001000000000000001
000011000000000000000
000000000100000000001
000000001100000000000
000000010000000000001
000000110000000000000
000000100000000000001
000000100000000000001
000001100000000000000
000001000000000000001
000001000000000000001
000011000000000000000
000000000000000000000
000111111110000000000
000100000001000000000
000100000000100000000
000100000000010000000
000100000000100000000
000100000001000000000
000100000010000000000
000111111100000000001
000100000000000000001
000110000000000000000
000101000000000000000
000100100000000000000
000100010000000000000
000100001000000000000
000100000100000000000
000100000010000000000
000100000001000000000
000100000000100000000
000000000000000000000
000000000100000000001
000000001110000000001
000000010001000000000
000000110001100000000
000000100000100000000
000000100000100000000
000001100000110000000
000001000000010000000
000001000000010000000
000011000000011000000
000011111111111000001
000011111111111000001
000110000000001100000
000100000000000100000
000100000000000100000
000100000000000100000
001100000000000110000
001000000000000010000
001000000000000010000
001000000000000010000
111111111111111111110
000000000000000000001
111111111111111111110
000000000000000000000
111111111111111111110
000000000000000000000
111111111111111111110
000000000000000000000
111111111111111111110
000000000000000000000
111111111111111111111
000000000000000000000
111111111111111111110
000000000000000000001
111111111111111111110
000000000000000000000
111111111111111111110
000000000000000000000
111111111111111111110
000000000000000000000
111111101111111110110
111111101111111110110
111111101111111110110
111111101111111110110
111111101111111110111
111111101111111110110
111111101111111110110
111111101111111110110
111111101111111110111
111111111111111111110
111111101111111110110
111111101111111110110
111111101111101110111
111111101111111110110
111111101111111111111
111111101111111110110
111111101111111110110
111111101111111110110
111111101111111110110
111111111111111111110
000000000000000000000
001000000000100000000
001000000000100000000
001000000000100000000
001000000000100000000
001000000000100000000
001000000000100000000
001000000000100000000
001000000000100000000
001000000000100000000
000000000000000000000
001000000000100000000
001000000000100000000
001000000000100000000
001000000000100000000
001000000000100000000
001000000000100000000
001000000000100000000
001000000000100000000
001000000000100000000
000000000100000000010
000000001100000000110
000000010000000001000
000000110000000011000
000000100000000010000
000000100000000010000
000001100000000110000
000001000000000100000
000001000000000100000
000011000000001100000
000011111100001111110
000011111100001111110
000110000000011000000
000100000000010000000
000100000000010000000
000100000000010000000
001100000000110000000
001000000000100000000
001000000000100000000
001000000000100000000
010101010101010101011
010101010101010101010
010101010101010101010
010101010101010101010
010101010101010101010
010101010101010101010
010101010101010101010
010101010101010101010
010101010101010101010
010101010101010101010
010101010101010101010
010101010101010101010
010101010101010101010
010101010101010101010
010101010101010101010
010101010101010101010
010101010101010101010
010101010101010101010
010101010101010101010
010101010101010101010
000000000100000000001
000000001100000000000
000000010000000000001
000000110000000000000
000000100000000000001
000000100000000000001
000001100000000000000
000001000000000000001
000001000000000000001
000011000000000000000
000000000100000000001
000000001100000000000
000000010000000000001
000000110000000000000
000000100000000000001
000000100000000000001
000001100000000000000
000001000000000000001
000001000000000000001
000011000000000000000
000000000000000000000
001111111111111110001
000000000100000000001
000000000100000000001
000000000100000000001
000000000100000000001
000000000100000000001
000000000100000000001
000000000100000000001
000000000100000000001
000000000100000000001
000000000100000000001
000000000100000000001
000000000100000000001
000000000100000000001
000000000100000000001
000000000100000000001
000000000100000000001
000000000000000000000
000000000000000000000
000000000000000000000
000111111100011111110
000100000000010000000
000100000000010000000
000100000000010000000
000100000000010000000
000100000000010000000
000100000000010000000
000111111100011111110
000100000000010000000
000110000000011000000
000101000000010100000
000100100000010010000
000100010000010001000
000100001000010000100
000100000100010000010
000100000000010000000
000100000000010000000
000100000000010000000
000000000000000000000
000000000000000000000
001000000000001000000
001000000000001000000
001000000000001000000
001000000000001000000
001000000000001000000
001000000000001000000
001000000000001000000
001000000000001000000
001000000000001000000
001000000000001000000
001000000000001000000
001000000000001000000
001000000000001000000
001000000000001000000
001000000000001000000
000100000000010000000
000011111111100000001
000000000000000000000
000000000000000000000
001100111001000100001
011011001111010110010
000011010100000010111
100101000000111001011
000000011110101111100
110001101000100101011
111010001111110010001
110100001000101101000
111011110100100110010
001101100100111110110
010001010100100111011
011101000100011000111
011111010111101001000
110111011001111011001
000000101100100111001
011100001011001001101
001110111000101111010
010101001000001110100
001100000111010100111
111011100001001000011
000000000000000000000
000000000000000000000
000010000000000000001
000011000000000000000
000010100000000000000
000010010000000000000
000010001000000000000
000010000100000000000
000010000000000000001
000010000000000000001
000000000000000000000
000000000000000000000
000010000000000000001
000011000000000000000
000010100000000000000
000010010000000000000
000010001000000000000
000010000100000000000
000010000000000000001
000010000000000000001
000000000000000000000
001111111100111111110
000000000100000000010
000000000100000000010
000000000100000000010
000000000100000000010
000000000100000000010
000000000100000000010
000000000100000000010
000000000100000000010
000000000000000000000
001111111100111111110
000000000100000000010
000000000100000000010
000000000100000000010
000000000100000000010
000000000100000000010
000000000100000000010
000000000100000000010
000000000100000000010
000000000100000000001
000000001100000000000
000000010000000000001
000000110000000000000
000000100000000000001
000000100000000000001
000001100000000000000
000001000000000000001
000001000000000000001
000011000000000000000
000000000100000000001
000000001100000000000
000000010000000000001
000000110000000000000
000000100000000000001
000000100000000000001
000001100000000000000
000001000000000000001
000001000000000000001
000011000000000000000
000000000000000000000
111111111111111111110
000000000000000000000
111111111111111111110
000000000000000000000
111111111111111111110
000000000000000000000
111111111111111111110
000000000000000000000
111111111111111111110
000000000000000000000
111111111111111111110
000000000000000000000
111111111111111111110
000000000000000000000
111111111111111111110
000000000000000000000
111111111111111111110
000000000000000000000
111111111111111111110
000000000000000000000
111111111111111111110
000000000000000000000
111111111111111111110
000000000000000000000
111111111111111111110
000000000000000000000
111111111111111111110
000000000000000000000
111111111111111111110
000000000000000000000
111111111111111111110
000000000000000000000
111111111111111111110
000000000000000000000
111111111111111111110
000000000000000000000
111111111111111111110
000000000000000000000
111111111111111111110
000000000000000000000
111111111111111111110
000000000000000000000
111111111111111111110
000000000000000000000
111111111111111111110
000000000000000000000
111111111111111111110
000000000000000000000
111111111111111111110
000000000000000000000
111111111111111111110
000000000000000000000
111111111111111111110
000000000000000000000
111111111111111111110
000000000000000000000
111111111111111111110
000000000000000000000
111111111111111111110
111111111111111110111
111111111111111110111
111111111111111110111
111111111111111110111
111111111111111110111
111111111111111110111
111111111111111101111
100000000000000011111
111111111111111111110
111111111111111111110
111111111111111110111
111111111111111110111
111111111111111110111
111111111111111110111
111111111111111110111
111111111111111110111
111111111111111101111
100000000000000011111
111111111111111111110
111111111111111111110
000000000000000000000
001000000000100000000
001000000000100000000
001000000000100000000
001000000000100000000
001000000000100000000
001000000000100000000
001000000000100000000
001000000000100000000
001000000000100000000
001000000000100000000
001000000000100000000
001000000000100000000
001000000000100000000
001000000000100000000
001000000000100000000
000100000000010000000
000011111100001111110
000000000000000000000
000000000000000000000
000000000000000000000
001000000000000000001
001000000000000000001
001000000000000000001
001000000000000000001
001000000000000000001
001000000000000000001
001000000000000000001
001000000000000000001
001000000000000000001
000000000000000000000
001000000000000000001
001000000000000000001
001000000000000000001
001000000000000000001
001000000000000000001
001000000000000000001
001000000000000000001
001000000000000000001
001000000000000000001
101010101010101010100
101010101010101010101
101010101010101010100
101010101010101010100
101010101010101010100
101010101010101010100
101010101010101010100
101010101010101010100
101010101010101010100
101010101010101010100
101010101010101010100
101010101010101010100
101010101010101010100
101010101010101010100
101010101010101010100
101010101010101010100
101010101010101010100
101010101010101010100
101010101010101010100
101010101010101010100
000000000000000000000
001000000000100000000
001000000000100000000
001000000000100000000
001000000000100000000
001000000000100000000
001000000000100000000
001000000000100000000
001000000000100000000
001000000000100000000
000000000000000000000
001000000000100000000
001000000000100000000
001000000000100000000
001000000000100000000
001000000000100000000
001000000000100000000
001000000000100000000
001000000000100000000
001000000000100000000
000000000000000000000
000111111100011111110
000100000000010000000
000100000000010000000
000100000000010000000
000100000000010000000
000100000000010000000
000100000000010000000
000111111100011111110
000100000000010000000
000110000000011000000
000101000000010100000
000100100000010010000
000100010000010001000
000100001000010000100
000100000100010000010
000100000000010000000
000100000000010000000
000100000000010000000
000000000000000000000
000000000000000000000
000000000000000000000
000000000000000000000
000000000000000000000
000000000100000000010
000000111100000011110
000111100000011110000
001100000000110000000
010000000001000000000
110000000011000000000
000000000000000000000
000000000000000000000
000000000000000000000
000000000000000000000
100000000100000000011
000000111100000011110
000111100000011110000
001100000000110000000
010000000001000000000
110000000011000000000
000000000000000000000
000000000000000000000
000000000000000000000
000000000000000000000
111111110011111111000
000000100000000010000
000101000000000100001
000010000000001000000
000100000000010000000
001000000000100000000
000000000000000000000
000000010000000000001
000000000000000000000
000000000000000000000
000000000000000000001
000000000000000000000
000000000000000000000
000000000000000000000
000000000000000000000
000000000000000000000
000000000100000000010
000000001100000000110
000000010000000001000
000000110000000011000
000000100000000010000
000000100000000010000
000001100000000110000
000001000000000100000
000001000000000100000
000011000000001100000
000000000100000000010
000000001100000000110
000000010000000001000
000000110000000011000
000000100000000010000
000000100000000010000
000001100000000110000
000001000000000100000
000001000000000100000
000011000000001100000
000000000000000000000
000111111100000000001
000100000000000000001
000100000000000000001
000100000000000000001
000100000000000000001
000100000000000000001
000100000000000000001
000111111100000000001
000100000000000000001
000000000000000000000
000111111100000000001
000100000000000000001
000100000000000000001
000100000000000000001
000100000000000000001
000100000000000000001
000100000000000000001
000111111100000000001
000100000000000000001
000000000000000000000
111111111111111111110
000000000000000000000
111111111111111111110
000000000000000000000
111111111111111111110
000000000000000000000
111111111111111111110
000000000000000000000
111111111111111111110
000000000000000000000
111111111111111111110
000000000000000000000
111111111111111111110
000000000000000000000
111111111111111111110
000000000000000000000
111111111111111111110
000000000000000000000
111111111111111111110
000000000000000000000
000000000000000000000
000010000000001000000
000011000000011000000
000010100000101000000
000010010001001000000
000010001010001000000
000010000100001000001
000010000000001000000
000010000000001000000
000010000000001000000
000010000000001000000
000010000000001000000
000010000000001000000
000010000000001000000
000010000000001000000
000010000000001000000
000010000000001000000
000010000000001000000
000000000000000000000
000000000100000000001
000000001110000000001
000000010001000000000
000000110001100000000
000000100000100000000
000000100000100000000
000001100000110000000
000001000000010000000
000001000000010000000
000011000000011000000
000011111111111000001
000011111111111000001
000110000000001100000
000100000000000100000
000100000000000100000
000100000000000100000
001100000000000110000
001000000000000010000
001000000000000010000
001000000000000010000
000000000000000000000
001111111100000000000
000000000100000000001
000000000100000000001
000000000100000000001
000000000100000000001
000000000100000000001
000000000100000000001
000000000100000000001
000000000100000000001
000000000000000000000
001111111100000000000
000000000100000000001
000000000100000000001
000000000100000000001
000000000100000000001
000000000100000000001
000000000100000000001
000000000100000000001
000000000100000000001
000000000000000000000
001000000000100000000
001000000000100000000
001000000000100000000
001000000000100000000
001000000000100000000
001000000000100000000
001000000000100000000
001000000000100000000
001000000000100000000
001000000000100000000
001000000000100000000
001000000000100000000
001000000000100000000
001000000000100000000
001000000000100000000
000100000000010000000
000011111100001111110
000000000000000000000
000000000000000000000
000000000000000000000
111111111111111111110
000000000000000000000
111111111111111111110
000000000000000000000
111111111111111111110
000000000000000000000
111111111111111111110
000000000000000000000
111111111111111111110
000000000000000000000
111111111111111111110
000000000000000000000
111111111111111111110
000000000000000000000
111111111111111111110
000000000000000000000
111111111111111111110
000000000000000000000
111111111111111111110
000000000100000000001
000000001110000000001
000000010001000000000
000000110001100000000
000000100000100000000
000000100000100000000
000001100000110000000
000001000000010000000
000001000000010000000
000011000000011000000
000011111111111000001
000011111111111000001
000110000000001100000
000100000000000100000
000100000000000100000
000100000000000100000
001100000000000110000
001000000000000010000
001000000000000010000
001000000000000010000
000000000000000000000
001000000000001000000
001000000000001000000
001000000000001000000
001000000000001000000
001000000000001000000
001000000000001000000
001000000000001000000
001000000000001000000
001000000000001000000
001000000000001000000
001000000000001000000
001000000000001000000
001000000000001000000
001000000000001000000
001000000000001000000
000100000000010000000
000011111111100000001
000000000000000000000
000000000000000000000
000000000000000000000
000000000000000000000
000010000000001000000
000011000000011000000
000010100000101000000
000010010001001000000
000010001010001000000
000010000100001000001
000010000000001000000
000010000000001000000
000010000000001000000
000010000000001000000
000010000000001000000
000010000000001000000
000010000000001000000
000010000000001000000
000010000000001000000
000010000000001000000
000010000000001000000
000000000000000000000
000000000000000000000
000000000000000000000
000000000000000001001
000000000000000000000
100000000010000000000
111100000011110000000
000111100000011110000
000000110000000011000
000000001000000000100
000000001100000000110
000000000000000000000
000000000000000000000
000000000000000000000
000000000000000000000
100000000010000000000
111100000011110000000
000111100000011110000
000000110000000011000
000000001000000000100
000000001100000000110
000000000000000000000
000111111100011111110
000100000000010000000
000100000000010000000
000100000000010000000
000100000000010000000
000100000000010000000
000100000000010000000
000111111100011111110
000100000000010000000
000000000000000000000
000111111100011111110
000100000000010000000
000100000000010000000
000100000000010000000
000100000000010000000
000100000000010000000
000100000000010000000
000111111100011111110
000100000000010000000
000000000000000000000
000000000000000000000
000010000000001000000
000011000000001100000
000010100000001010000
000010010000001001000
000010001000001000100
000010000100001000010
000010000000001000000
000010000000001000000
000010000000001000000
000010000000001000000
000010000000001000000
000010000000001000000
000010000000001000000
000010000000001000000
000010000000001000000
000010000000001000000
000010000000001000000
000000000000000000000
000000000100000000001
000000001110000000001
000000010001000000000
000000110001100000000
000000100000100000000
000000100000100000000
000001100000110000000
000001000000010000000
000001000000010000000
000011000000011000000
000011111111111000001
000011111111111000001
000110000000001100000
000100000000000100000
000100000000000100000
000100000000000100000
001100000000000110000
001000000000000010000
001000000000000010000
001000000000000010000
000000000000000000000
001000000000000000001
001000000000000000001
001000000000000000001
001000000000000000001
001000000000000000001
001000000000000000001
001000000000000000001
001000000000000000001
001000000000000000001
000000000000000000000
001000000000000000001
001000000000000000001
001000000000000000001
001000000000000000001
001000000000000000001
001000000000000000001
001000000000000000001
001000000000000000001
001000000000000000001
011001000010000001111
000000111100100111000
111000010011101111100
010101110010011001100
111000011110000011111
011010101111000111111
111111100100010110001
100011010010010001001
000110110011111100100
110100010101100000100
110001111000110101101
111100001111100110100
111111001100011110000
000100010110010101111
010100010110110000001
001000100110000100111
000100101010100100000
010011111001100101000
100110100001001000000
000110100001101001010
000000001110000000001
000000010001000000000
000000110001100000000
000000100000100000000
000000100000100000000
000001100000110000000
000001000000010000000
000001000000010000000
000011000000011000000
000011111111111000001
000011111111111000001
000110000000001100000
000100000000000100000
000100000000000100000
000100000000000100000
001100000000000110000
001000000000000010000
001000000000000010000
001000000000000010000
000000000000000000000
000000000000000000000
000010000000001000000
000011000000001100000
000010100000001010000
000010010000001001000
000010001000001000100
000010000100001000010
000010000000001000000
000010000000001000000
000000000000000000000
000000000000000000000
000010000000001000000
000011000000001100000
000010100000001010000
000010010000001001000
000010001000001000100
000010000100001000010
000010000000001000000
000010000000001000000
000000000000000000000
111111111111111111110
000000000000000000000
111111111111111111110
000000000000000000000
111111111111111111110
000000000000000000000
111111111111111111110
000000000000000000000
111111111111111111110
000000000000000000000
111111111111111111110
000000000000000000000
111111111111111111110
000000000000000000000
111111111111111111110
000000000000000000000
111111111111111111110
000000000000000000000
000111111110000000000
000100000001000000000
000100000000100000000
000100000000010000000
000100000000100000000
000100000001000000000
000100000010000000000
000111111100000000001
000100000000000000001
000110000000000000000
000101000000000000000
000100100000000000000
000100010000000000000
000100001000000000000
000100000100000000000
000100000010000000000
000100000001000000000
000000000100000000001
000000001100000000000
000000010000000000001
000000110000000000000
000000100000000000001
000000100000000000001
000001100000000000000
000001000000000000001
000001000000000000001
000011000000000000000
000000000100000000001
000000001100000000000
000000010000000000001
000000110000000000000
000000100000000000001
000000100000000000001
000001100000000000000
000001000000000000001
000001000000000000001
000011000000000000000
000000001110000000001
000000010001000000000
000000110001100000000
000000100000100000000
000000100000100000000
000001100000110000000
000001000000010000000
000001000000010000000
000011000000011000000
000011111111111000001
000011111111111000001
000110000000001100000
000100000000000100000
000100000000000100000
000100000000000100000
001100000000000110000
001000000000000010000
001000000000000010000
001000000000000010000
000000000100000000001
000000001100000000000
000000010000000000001
000000110000000000000
000000100000000000001
000000100000000000001
000001100000000000000
000001000000000000001
000001000000000000001
000011000000000000000
000000000100000000001
000000001100000000000
000000010000000000001
000000110000000000000
000000100000000000001
000000100000000000001
000001100000000000000
000001000000000000001
000001000000000000001
000011000000000000000
000000000000000000000
000111111100011111110
000100000000010000000
000100000000010000000
000100000000010000000
000100000000010000000
000100000000010000000
000100000000010000000
000111111100011111110
000100000000010000000
000000000000000000000
000111111100011111110
000100000000010000000
000100000000010000000
000100000000010000000
000100000000010000000
000100000000010000000
000100000000010000000
000111111100011111110
000100000000010000000
000000000000000000000
001111111111111110001
000000000100000000001
000000000100000000001
000000000100000000001
000000000100000000001
000000000100000000001
000000000100000000001
000000000100000000001
000000000100000000001
000000000100000000001
000000000100000000001
000000000100000000001
000000000100000000001
000000000100000000001
000000000100000000001
000000000100000000001
000000000100000000001
000000000000000000000
000000000000000000000
000000000000000000000
000000000000000000000
000010000000001000000
000011000000011000000
000010100000101000000
000010010001001000000
000010001010001000000
000010000100001000001
000010000000001000000
000010000000001000000
000010000000001000000
000010000000001000000
000010000000001000000
000010000000001000000
000010000000001000000
000010000000001000000
000010000000001000000
000010000000001000000
000010000000001000000
000000000000000000000
000000000000000000000
001000000000001000000
001000000000001000000
001000000000001000000
001000000000001000000
001000000000001000000
001000000000001000000
001000000000001000000
001000000000001000000
001000000000001000000
001000000000001000000
001000000000001000000
001000000000001000000
001000000000001000000
001000000000001000000
001000000000001000000
000100000000010000000
000011111111100000001
000000000000000000000
000000000000000000000
000000000000000000000
000000000000000000000
000010000000001000000
000011000000001100000
000010100000001010000
000010010000001001000
000010001000001000100
000010000100001000010
000010000000001000000
000010000000001000000
000010000000001000000
000010000000001000000
000010000000001000000
000010000000001000000
000010000000001000000
000010000000001000000
000010000000001000000
000010000000001000000
000010000000001000000
000000000000000000000
000000000100000000001
000000001110000000001
000000010001000000000
000000110001100000000
000000100000100000000
000000100000100000000
000001100000110000000
000001000000010000000
000001000000010000000
000011000000011000000
000011111111111000001
000011111111111000001
000110000000001100000
000100000000000100000
000100000000000100000
000100000000000100000
001100000000000110000
001000000000000010000
001000000000000010000
001000000000000010000
111111111111111111110
111111111111111111110
101111111111111111111
101111111111111111111
101111111111111111111
101111111111111111111
101111111111111111111
101111111111111111111
101111111111111111111
100000000000000000111
111111111111111111110
111111111111111111110
101111111111111111111
101111111111111111111
101111111111111111111
101111111111111111111
101111111111111111111
101111111111111111111
101111111111111111111
100000000000000000111
000000000000000000000
000000000000000000000
000010000000000000001
000011000000000000000
000010100000000000000
000010010000000000000
000010001000000000000
000010000100000000000
000010000000000000001
000010000000000000001
000000000000000000000
000000000000000000000
000010000000000000001
000011000000000000000
000010100000000000000
000010010000000000000
000010001000000000000
000010000100000000000
000010000000000000001
000010000000000000001
000000000000000000000
000000000000000000000
000010000000001000000
000011000000001100000
000010100000001010000
000010010000001001000
000010001000001000100
000010000100001000010
000010000000001000000
000010000000001000000
000000000000000000000
000000000000000000000
000010000000001000000
000011000000001100000
000010100000001010000
000010010000001001000
000010001000001000100
000010000100001000010
000010000000001000000
000010000000001000000
000000000000000000000
001111111100111111110
000000000100000000010
000000000100000000010
000000000100000000010
000000000100000000010
000000000100000000010
000000000100000000010
000000000100000000010
000000000100000000010
000000000000000000000
001111111100111111110
000000000100000000010
000000000100000000010
000000000100000000010
000000000100000000010
000000000100000000010
000000000100000000010
000000000100000000010
000000000100000000010
001000000000000000001
001000000000000000001
001000000000000000001
001000000000000000001
001000000000000000001
001000000000000000001
001000000000000000001
001000000000000000001
001000000000000000001
000000000000000000000
001000000000000000001
001000010000000000000
001000000000000000001
001000000000000000001
001000000000000000001
001000000000000000001
001000000000000000001
001000000000000000001
001000000000000000001
000000000000000000000
000000000000000000000
000000000000000000000
000010000000000000001
000011000000000000000
000010100000000000000
000010010000000000000
000010001000000000000
000010000100000000000
000010000000000000001
000010000000000000001
000000000000000000000
000000000000000000000
000010000000000000001
000011000000000000000
000010100000000000000
000010010000000000000
000010001000000000000
000010000100000000000
000010000000000000001
000010000000000000001
000000000000000000000
000111111110000000000
000100000001000000000
000100000000100000000
000100000000010000000
000100000000100000000
000100000001000000000
000100000010000000000
000111111100000000001
000100000000000000001
000110000000000000000
000101000000000000000
000100100000000000000
000100010000000000000
000100001000000000000
000100000100000000000
000100000010000000000
000100000001000000000
000100000000100000000
000000000000000000000
000000000000000000000
000111111100000000001
000100000000000000001
000100000000000000001
000100000000000000001
000100000000000000001
000100000000000000001
000100000000000000001
000111111100000000001
000100000000000000001
000000000000000000000
000111111100000000001
000100000000000000001
000100000000000000001
000100000000000000001
000100000000000000001
000100000000000000001
000100000000000000001
000111111100000000001
000100000000000000001
000000000000000000000
000111111100011111110
000100000000010000000
000100000000010000000
000100000000010000000
000100000000010000000
000100000000010000000
000100000000010000000
000111111100011111110
000100000000010000000
000000000000000000000
000111111100011111110
000100000000010000000
000100000000010000000
000100000000010000000
000100000000010000000
000100000000010000000
000100000000010000000
000111111100011111110
000100000000010000000
000000000000000000000
000000000000000000000
000010000000001000000
000011000000001100000
000010100000001010000
000010010000001001000
000010001000001000100
000010000100001000010
000010000000001000000
000010000000001000000
000010000000001000000
000010000000001000000
000010000000001000000
000010000000001000000
000010000000001000000
000010000000001000000
000010000000001000000
000010000000001000000
000010000000001000000
000000000000000000000
000000000000000000000
000000000000000000000
000010000000001000000
000011000000001100000
000010100000001010000
000010010000001001000
000010001000001000100
000010000100001000010
000010000000001000000
000010000000001000000
000000000000000000000
000000000000000000000
000010000000001000000
000011000000001100000
000010100000001010000
000010010000001001000
000010001000001000100
000010000100001000010
000010000000001000000
000010000000001000000
000000000000000000000
000000000000000000000
000010000000000000001
000011000000000000000
000010100000000000000
000010010000000000000
000010001000000000000
000010000100000000000
000010000000000000001
000010000000000000001
000000000000000000000
000000000000000000000
000010000000000000001
000011000000000000000
000010100000000000000
000010010000000000000
000010001000000000000
000010000100000000000
000010000000000000001
000010000000000000001
000000000100000000010
000000001100000000110
000000010000000001000
000000110000000011000
000000000100000000010
000000000100000000010
000000000100000000010
000000000100000000010
000000000100000000010
000000000100000000010
000000000100000000010
000000000100000000010
000000000100000000010
000000000100000000010
000000000100000000010
000000000100000000010
000000000100000000010
000000000100000000010
000000000000000000000
000000000000000000000
000000000100000000010
000000000100000000010
000000000100000000010
000000000100000000010
000000000100000000010
000000000100000000010
000000000000000000000
001111111100111111110
000000000100000000010
000000000100000000010
000000000100000000010
000000000100000000010
000000000100000000010
000000000100000000010
000000000100000000010
000000000100000000010
000000000100000000010
000000000100000000010
000000000100000000010
000000000100000000010
000000000100000000010
000000000100000000010
000000000100000000010
000000000100000000010
000000000100000000010
000000000100000000010
000000000100000000010
000000000100000000010
000000000100000000010
000000000100000000010
000000000100000000010
000000000000000000000
000000000000000000000
000000000000000000000
001000000000100000000
001000000000100000000
001000000000100000000
001000000000100000000
001000000000100000000
001000000000100000000
001000000000100000000
001000000000100000000
001000000000100000000
001000000000100000000
001000000000100000000
001000000000100000000
001000000000100000000
001000000000100000000
001000000000100000000
000100000000010000000
000011111100001111110
000000000000000000000
000000000000000000000
000000000010111111111
000000000000000000000
000000000011111111110
000000000000000000000
000000000011111111110
000000000000000000000
000000000011111111110
000000000000000000000
000000000011111111110
000000000000000000000
000000000011111111110
000000000000000000000
000000000011111111110
000000000000000000000
000000000011111111110
000000000000000000000
000000000111111111111
000000000000000000000
000000000011111111110
111111111111111111110
000000000000000000000
111111111111111111110
000000000000000000000
111111111111111111110
000000000000000000000
111111111111111111110
000000000000000000000
111111111111111111110
000000000000000000000
111111111111111111110
000000000000000000000
111111111111111111110
000000000000000000000
111111111111111111110
000000000000000000000
111111111111111111110
000000000000000000000
111111111111111111110
000000000000000000000
111111111100000000000
000000000000000000000
111111111100000000000
000000000000000000000
111111111100000000000
000000000000000000000
111111111100000000000
000000000000000000000
111111111100000000000
000000000000000000000
111111111100000000000
000000000000000000000
111111111100000000000
000000000000000000000
111111111100000000000
000000000000000000000
111111111100000000000
000000000000000000000
111111111100000000000
000000000100000000010
000000000100000000010
000000000100000000010
000000000100000000010
000000000100000000010
000000000100000000010
000000000100000000010
000000000000000000000
001111111100111111110
000000000100000000010
000000000100000000010
000000000100000000010
000000000100000000010
000000000100000000010
000000000100000000010
000000000100000000010
000000000100000000010
111111111111111111110
000000001100000000110
011111111101111101111
011111111101111111110
011111111101111111110
011111111101111111110
011111111101111111110
011111111101111111110
011111111101111110111
011111111101111111110
011111111101111111110
011111111101111111110
011111111101111111110
011111111101111111110
011111111101111111110
011111111101111111110
011111111101111111110
011111111101111111110
111111111111111111110
000000010000000001001
000000010000000001000
000000010000000001000
000000010000000001000
000000010000000001000
000000010000000001001
000000010000000001001
000000000000000000000
000000010000000001000
000000010000000001000
000000010000010001001
000000010000000001000
000000010000000001000
000000010000000001000
000000010000000001000
000000010000000001000
000000010000000001000
000000000000000000000
011111111111111100001
000000000000000010001
000000000000000001001
000000000000000001001
000000000000000001001
000000010000000001000
000000000000000001001
000000000000000001001
000000000000000000000
000000000000000000000
011111111111111100001
000000000000000010001
000000000000000001001
000000000000000001001
000000000000000001001
000000000000000001001
000000000000000001001
000000000000000001001
000000000000000000000
111111111111111111110
000000000000000000000
111111111111111111110
000000000000000000000
111111111111111111110
000000000000000000000
111111111111111111110
000000000000000000000
111111111111111111110
000000000000000000000
111111111111111111110
000000000000000000000
111111111111111111110
000000000000000000000
111111111111111111110
000000000000000000000
111111111111111111110
000000001100000000110
000000010000000001000
000000110000000011000
000000100000000010000
000000100000000010000
000001100000000110000
000001000000000100000
000001000000000100000
000011000000001100000
000011111100001111110
000011111100001111110
000110000000011000000
000100000000010000000
000100000000010000000
000100000000010000000
001100000000110000000
001000000000100000000
001000000000100000000
001000000000100000000
111111111111111111110
000000000000000000000
111111111111111111110
000000000000000000000
111111111111111111110
000000000000000000000
111111111111111111110
000000000000000000000
111111111111111111110
000000000000000000000
111111111111111111110
000000000000000000000
111111111111111111110
000000000000000000000
111111111111111111110
000000000000000000000
111111111111111111110
001000000000100000000
001000000000100000000
001000000000100000000
001000000000100000000
001000000000100000000
001000000000100000000
001000000000100000000
001000000000100000000
001000000000100000000
000000000000000000000
001000000000100000000
001000000000100000000
001000000000100000000
001000000000100000000
001000000000100000000
001000000000100000000
001000000000100000000
001000000000100000000
001000000000100000000
000000000000000000000
001000000000000000001
001000000000000000001
001000000000000000001
001000000000000000001
001000000000000000001
001000000000000000001
001000000000000000001
001000000000000000001
001000000000000000001
000000000000000000000
001000000000000000001
001000000000000000001
001000000000000000001
001000000000000000001
001000000000000000001
001000000000000000001
001000000000000000001
001000000000000000001
001000000000000000001
000000000000000000000
000010000000001000000
000011000000001100000
000010100000001010000
000010010000001001000
000010001000001000100
000010000100001000010
000010000000001000000
000010000000001000000
000010000000001000000
000010000000001000000
000010000000001000000
000010000000001000000
000010000000001000000
000010000000001000000
000010000000001000000
000010000000001000000
000010000000001000000
000000000000000000000
001000000000000000001
001000000000000000001
001000000000000000001
001000000000000000001
001000000000000000001
001000000000000000000
001000000000000000001
001000000000000000001
000000000000000000000
001000000000000000001
001000000000000000001
001000000000000000001
001000000000000000001
001000000000000000001
001000000000000000001
001000000000000000001
001000000000000000001
001000000000000000001
000000000000000000000
000000000000000000000
000010000000001000000
000011000000001100000
000010100000001010000
000010010000001001000
000010001000001000100
000010000100001000010
000010000000001000000
000010000000001000000
000000000000000000000
000000000000000000000
000010000000001000000
000011000000001100000
000010100000001010000
000010010000001001000
000010001000001000100
000010000100001000010
000010000000001000000
000010000000001000000
000111111100000000001
000100000000000000001
000100000000000000001
000100000000000000001
000100000000000000001
000100000000000000001
000100000000000000001
000111111100000000001
000100000000000000001
000000000000000000000
000111111100000000001
000100000000000000001
000100000000000000001
000100000000000000001
000100000000000000001
000100000000000000001
000100000000000000001
000111111100000000001
000100000000000000001
000111111100011111110
000100000000010000000
000100000000010000000
000100000000010000000
000100000000010000000
000100000000010000000
000100000000010000000
000111111100011111110
000100000000010000000
000110000000011000000
000101000000010100000
000100100000010010000
000100010000010001000
000100001000010000100
000100000100010000010
000100000000010000000
000100000000010000000
000100000000010000000
000000000000000000000
111111111111111111110
000000000000000000000
111111111111111111110
000000000000000000000
111111111111111111110
000000000000000000000
111111111111111111110
000000000000000000000
111111111111111111110
000000000000000000000
111111111111111111110
000000000000000000000
111111111111111111110
000000000000000000000
111111111111111111110
000000000000000000000
111111111111111111110
000000000000000000000
111111111111111111110
000000000000000000000
000000000011111111110
000000000000000000000
000000000011111111111
000000000000000000000
000000000011111111110
000000000000000000000
000000000011111111110
000000000000000000000
000000000011111111110
000000000000000000000
000000000011111111110
000000000000000000000
000000000011111111110
000000000000000000000
000000000011111111110
000000000000000000000
111111111111111111110
000000000000000000000
111111111111111111110
000000000000000000000
111111111111111111110
000000000000000000000
111111111111111111110
000000000000000000000
111111111111111111110
000000000000000000000
111111111111111111110
000000000000000000000
111111111111111111110
000000000000000000000
111111111111111111110
000000000000000000000
111111111111111111110
000000000000000000000
111111111111111111110
000111111110000000000
000100000001000000000
000100000000100000000
000100000000010000000
000100000000100000000
000100000001000000000
000100000010000000000
000111111100000000001
000100000000000000001
000110000000000000000
000101000000000000000
000100100000000000000
000100010000000000000
000100001000000000000
000100000100000000000
000100000010000000000
000100000001000000000
000100000000100000000
000000000000000000000
000000000100000000010
000000001100000000110
000000010000000001000
000000110000000011000
000000100000000010000
000000100000000010000
000001100000000110000
000001000000000100000
000001000000000100000
000011000000001100000
000011111100001111110
000011111100001111110
000110000000011000000
000100000000010000000
000100000000010000000
000100000000010000000
001100000000110000000
001000000000100000000
001000000000100000000
001000000000100000000
111111111111111111110
111111111111111111110
111111111111111111110
111111111111111111110
000000001100000000110
111111011111111101110
111110111111111011110
111101111111110111110
111011111111101111110
110111111111011111110
111111111111111111110
111111111111111111110
111111111111111111110
111111111111111111110
000000001100000000110
111111011111111101110
111110111111111011110
000011000000001100000
000011111100001111110
000011111100001111110
000110000000011000000
