26747
92698
85275
63737
8146
49863
17510
16364
68975
17306
32625
69031
59211
89637
97904
26466
29107
56210
5767
30458
89601
52508
34766
74793
93078
56377
47229
95441
3414
98069
38234
74808
37856
72602
90812
36300
1768
59307
84506
76775
16562
66832
2773
48238
68781
14508
64959
76628
61290
12746
35367
62812
21112
11414
31779
43387
5278
36936
3736
83740
61844
87610
60968
59421
62622
30171
41912
29078
10437
7997
15613
97690
91764
89224
61507
62582
94700
66865
41882
11318
77796
38757
70365
58951
46753
13088
53536
36727
63566
7386
9909
33688
31512
97505
87963
55012
36873
79042
59844
35003
31807
79776
78050
86983
79112
46599
56205
82273
51067
7866
95987
91468
76214
33704
1724
29790
69968
87037
26329
33695
62459
91285
77161
15083
76696
79692
33256
51857
8470
20593
92980
6750
11240
3833
96668
90356
83458
63727
62664
20115
81296
24425
17279
94106
61203
58774
40153
79750
20505
13811
63682
40633
38488
94333
21800
3254
32902
83328
4865
44425
29432
29966
30043
36
74229
52044
44097
79107
21623
12038
46663
69553
68733
47139
65395
82180
60175
371
99400
30339
40400
83044
81552
22983
14297
79796
74277
66399
90520
3969
90908
51790
72452
46941
94254
2256
70267
82493
94757
12058
41498
13808
98175
69182
3320
44172
41346
82093
72639
72899
25693
7544
63016
35893
86678
12815
82611
36928
81045
91786
5408
94099
43308
2214
92237
58784
38177
10310
20940
30735
53754
38587
53823
8367
27204
99071
93267
56839
42240
92539
694
66187
86219
76361
38295
99082
57896
99443
48633
96772
6251
49274
90835
71801
68229
36275
31367
35133
82983
75532
93949
18312
53429
46892
58715
71209
81322
12344
16419
62106
62817
33745
25769
19630
20102
763
1999
79431
15066
14169
50688
8261
40509
50324
36357
25369
28571
4987
48967
56727
94902
30499
81346
58058
71947
71600
3105
29697
8484
36940
69468
91239
61721
80851
33803
24624
30180
38226
21990
86480
66496
65412
31739
10758
29629
5947
79114
46869
69538
55648
66848
43346
18655
52146
5582
74777
52239
8234
98342
48027
8838
79935
67538
77267
56349
86757
88561
31702
24695
74161
92270
1128
25742
51607
94814
1483
59487
31092
65590
47186
58159
94440
83751
95731
68217
4859
62487
26491
28533
39872
52349
76092
82758
30966
47289
25889
33375
19915
18797
75267
96019
58204
32988
84948
8793
55320
42014
99384
9912
49859
82141
98131
94933
85813
57999
67517
90902
70818
6512
37266
2289
21589
11003
49351
82326
71989
34853
13303
71509
28074
20854
1147
49294
47704
56452
55640
15092
66058
26350
34705
48348
77962
43282
25213
72136
14157
76492
85748
19594
25740
91148
65220
74775
9804
65011
19904
91754
18847
15401
40183
14514
82372
5917
42562
88218
18473
42874
17623
23538
37137
92835
89723
92543
75216
99691
90997
38844
31315
57523
68701
34794
36444
53505
33043
47292
47531
16953
73163
82328
34585
89563
83654
19978
63742
33784
51741
46987
33682
92818
26071
72329
2064
79568
43161
31252
6071
85723
47357
45317
99082
90871
39451
61962
3831
84865
10051
94386
12757
62882
22893
8850
92806
7565
50696
43890
31548
3867
96303
97623
63672
25856
6074
2829
6733
40777
69552
93840
72067
72181
12921
43159
17560
93485
73234
31518
76737
78113
38522
19183
90030
32193
95625
15212
27243
12245
96833
66364
30754
18233
94940
70736
62014
6872
88901
5520
53963
99043
7682
14374
85049
5774
1167
66727
1312
2440
38662
88601
78493
30326
97082
85478
70586
11242
24260
97820
16907
43429
33684
6013
1461
52838
81385
746
10729
49389
54331
11751
63854
50289
83989
77323
44989
88411
73697
35719
86661
19965
74620
65488
53423
5874
73800
79115
42973
8882
63744
29076
73803
29170
79782
38986
92375
29719
44152
68186
39996
97493
69954
89447
44602
14312
72333
90451
93170
12366
60532
39021
23277
10207
40887
5655
11580
99978
76328
13426
44922
3853
1475
71432
15278
60368
53083
22998
60301
3039
29167
99156
45948
35714
40316
48131
46419
9147
39532
4722
19037
29628
23820
57964
80539
11586
40923
48609
42472
17490
35390
98543
23959
85038
38832
67854
71641
68595
90391
29813
89916
42322
47090
96460
3085
77514
51150
751
27805
32607
82008
81531
58753
15481
21261
18008
69011
6555
69325
51907
90550
52125
45325
1943
90071
6281
140
73784
47600
65295
6589
62587
64966
45893
29059
76949
25714
28895
74396
85759
84796
18599
9812
37763
65666
98968
78362
14437
29529
37757
9423
70161
21707
77153
65275
9341
46302
52306
80057
63642
68022
73496
66323
81661
30832
6220
5384
7844
69295
18038
17354
91271
78100
71687
74596
19933
5190
51119
11352
35656
84561
81596
44871
7710
47754
40305
71882
25876
93169
958
18397
15305
57391
37249
60891
51693
35551
32505
81701
14669
937
30883
48987
43259
41449
52532
28621
78174
36046
25585
77163
73075
93663
66317
84889
79231
92856
17312
9118
75762
94642
12897
80668
81689
76544
34272
46650
44417
33269
12610
17948
90051
60739
12730
55892
79472
415
47233
93106
14586
68769
42577
37591
14140
34727
83972
19847
72935
52536
22500
20445
11403
85254
86798
80504
11390
54733
22920
57811
95436
98872
81275
94131
39547
74050
10383
22585
85497
41626
69314
73975
31428
94208
86853
1471
72886
74861
63251
59703
9131
76399
76111
94441
70033
4177
21881
26071
87243
13561
90476
11564
4065
54090
9431
91469
61032
69034
29366
94286
83850
43390
78316
54241
57457
69170
85471
1161
16213
67061
67024
82636
99487
76128
94102
80199
21593
55959
66070
93884
28405
88136
99297
73127
65207
72081
87242
43982
63007
65278
48034
27542
50615
71184
31026
1074
86677
24889
1493
25015
17005
50979
36271
86667
68951
42736
89389
45115
51544
45404
85946
71884
16016
54559
88988
62185
31679
58895
6217
91003
49172
51363
65001
8887
72532
69138
49321
33168
31715
99929
1785
20654
31890
32315
24131
49591
78374
72739
89896
86089
96545
57349
4089
82761
62255
38274
7247
82774
41294
98954
38823
47287
23675
29692
85214
44979
60565
49097
73476
895
4080
59447
95488
37873
22201
97121
78240
24596
75201
48859
71835
52308
18856
61524
47526
76537
33799
79700
29455
18449
54265
75525
66233
10534
97223
3118
6644
69839
71215
92025
26424
75809
76336
75350
30238
56806
54293
6617
27643
29734
14043
18975
91546
70498
15361
60430
6965
